22022
13366
32002
24820
33959
30600
23072
10700
4358
56501
11672
58918
15114
19194
50012
51047
37266
28711
36596
35421
36216
10215
60273
12692
56925
20381
2917
10550
52672
3832
19784
25464
62391
14065
3308
5898
31902
1062
29003
13534
2327
62486
3669
56816
14338
46737
52045
32362
38301
30415
61618
22227
19642
52687
3164
52064
31301
35049
12535
33546
60745
33791
30810
26659
26014
38151
63175
33925
59899
34197
53491
33365
47985
9151
30091
47699
53787
11726
14652
21003
1567
38370
52531
14460
18226
24336
49040
20143
50498
24202
61630
50810
29088
19215
50238
14798
39410
11652
18213
56599
44663
37734
47410
29988
36803
20155
25579
59260
4219
42094
29890
25731
24250
5291
56523
53553
5552
22250
3879
37800
31510
35389
5676
30311
47771
52976
37290
29727
10796
54877
8741
17277
14506
50837
18185
32045
28977
30515
46582
38815
52630
12349
42934
31738
55162
52916
49474
49707
10216
43362
18929
20283
59207
14296
54776
3524
56349
16494
11562
724
30244
17743
48100
3108
5454
11070
4816
60505
4482
11489
48585
9632
24840
12248
48211
7326
45113
11515
55976
58506
14611
58251
20084
61177
55128
11966
44049
53267
6038
32264
16678
3521
14490
14562
33990
47778
42657
46766
20992
60646
43432
29759
3617
61623
22982
27879
18368
58020
31675
56098
13788
11775
11247
22735
22327
63068
20516
33947
14535
57050
47411
10839
34052
3444
34005
11387
39911
26087
25038
15272
3288
38771
30414
17032
42864
17340
62882
34446
41545
21577
39571
58991
15130
25621
10094
25470
53955
48153
19706
51611
42112
10127
38753
36866
52393
36219
52826
10848
16286
58932
60763
5424
16543
31621
32066
42693
3133
53524
58986
52994
40103
4386
44123
19004
51232
62684
44370
53958
52823
44469
62900
46111
45491
14190
48141
33027
11577
52319
20366
41457
46754
57615
39881
41663
47713
8753
26782
53551
47427
61693
16116
31291
63097
47080
51024
8633
2067
48701
31555
40022
42587
49120
12419
55570
659
12391
13589
55154
17804
11692
26616
42443
30489
6698
29089
31721
37375
19748
36283
35870
58373
23375
62153
14293
39946
41130
1884
42223
25767
32642
22997
29121
18657
62081
5906
20993
21060
54858
46222
35048
17990
60259
38195
35832
54993
13942
30267
6664
3048
51623
9132
38289
54891
56632
61598
6577
54082
33713
3344
30508
20824
20711
29074
48520
3914
37059
25495
10117
43991
50668
23423
16384
10234
23190
56846
59887
25045
40147
59163
39456
27612
35000
42782
35853
53874
26870
50237
41417
29268
63224
20994
55275
58867
664
39629
31446
44401
51005
15269
32596
43207
6608
41509
46780
46024
43938
49996
12374
39204
43985
40266
25486
52420
30419
27165
30516
62394
47167
52933
14521
59704
4034
53561
3515
53474
52524
36832
59157
42208
38401
57279
31613
25487
3203
5449
54709
18143
14444
43634
28996
22323
45060
1030
14657
41339
31263
16190
22937
14276
23452
12301
25146
37227
46340
16843
19626
44102
54710
54745
39528
53971
45868
48601
47170
58093
781
31563
14354
37271
61731
42863
41471
32653
52633
40176
3255
51917
11292
23149
31352
14421
5013
19518
13339
59010
3652
30210
9862
32454
23696
35867
6741
60581
38622
59802
53467
61534
31682
40994
5019
23205
12625
864
39601
34236
44926
44277
49444
19551
33977
253
3961
39401
57900
14719
22536
63173
30918
55123
20628
34823
31671
39117
54992
21795
51716
26051
63222
41665
43700
42186
38744
14711
33274
2997
56420
36077
40164
47814
42977
35344
7342
16230
4363
26492
18884
4961
53531
13863
52975
30528
15484
32277
49047
26622
62596
48421
38217
1812
6015
5557
9261
41177
49706
19024
60390
14507
61885
14695
24218
41558
46863
45948
6808
31997
52607
51011
39118
17459
38779
23346
32370
22990
42779
63050
48750
20969
14962
7278
25458
17947
38780
34016
41534
4670
17760
52991
9106
40155
49514
18546
53310
47827
22558
49113
14700
10157
1902
14994
8968
34014
15002
24469
23434
28887
4562
61739
14730
52707
55931
34903
43236
37622
10164
31486
62300
45593
42826
25345
9303
3766
43792
52730
39896
40768
52109
19539
20527
30588
60734
24805
33771
59834
28766
59144
38683
57367
51168
17898
52926
23916
20495
19778
58395
55722
35634
53868
40336
44297
3062
49177
63227
61252
4201
25103
31282
1942
14291
38756
45687
40057
17559
23260
32962
23261
61700
11655
14552
48982
11706
52528
62798
27588
49203
59806
24394
60577
23366
3146
14997
14615
4757
31047
57995
22623
39984
31594
18366
25085
58955
40124
60530
62513
42336
4060
9293
4773
44374
14247
60428
12720
25468
32166
31006
51602
9080
48082
16926
30187
31156
31264
14324
3769
16715
14309
7493
22912
11493
55470
56001
23536
14754
60261
35638
37747
5727
41284
25592
37097
24508
22824
52554
45943
32884
17635
9387
26997
24663
19468
19595
14769
30999
19543
3219
10070
56398
29000
10068
24645
59897
47727
38216
35628
25441
29060
3137
21033
18771
27254
38695
33652
5361
6269
33821
46173
43982
7666
46270
19760
39293
10176
19350
28961
56708
3513
63100
37480
28542
5200
22503
29753
40974
47161
11465
38392
3366
53832
17090
12108
49701
18088
42274
8798
51357
51600
40785
41585
6492
9351
11301
31878
11785
20725
51195
61613
48646
6704
31921
24208
1701
1512
41334
3912
28657
20695
58174
11326
30358
8005
15144
49812
40516
43753
46178
42305
53049
5382
38190
14679
55651
23164
40348
3525
27208
12491
19574
58393
37281
56645
24551
40410
46161
46277
14326
31787
42484
22794
52594
33710
37017
23091
8724
60606
18653
42709
25803
13443
49469
51173
60173
22291
37727
59741
10067
18392
41002
60189
30277
55724
37417
52894
19555
47894
30250
15685
10933
45997
31379
38199
31459
59985
14140
30517
19501
61160
22803
23094
3535
12015
60379
3259
3720
10202
20986
60370
18170
49241
47138
35931
52407
60818
19765
41473
32329
20688
40977
797
35038
41611
12032
25805
62177
23504
60728
62166
20577
48296
11563
46267
3228
38320
63214
9041
46890
55837
44584
52004
52695
57036
55592
17770
31413
49166
34196
14603
6421
16222
53276
5642
51132
28866
39405
24083
29071
3223
41354
14976
22627
62884
23258
35044
37246
59158
52724
29690
10197
20793
30862
25901
46284
10759
38164
11835
56172
62343
22666
50572
10075
14651
58972
57787
40922
5078
28991
24956
31311
45930
13325
30431
29854
36909
44431
47899
27585
59858
58984
61673
14788
19259
53532
10181
21096
49178
673
31076
52099
38988
25147
31884
30971
48446
3857
14578
19789
38160
16635
12478
30429
38332
11423
47365
31395
5829
47658
28177
25730
17006
53975
46324
38772
12318
4599
46352
61210
3719
6121
45466
11497
31685
35939
49712
41220
37390
23165
17959
25028
20466
13212
31827
60740
26879
25563
47182
40437
35443
48803
41673
59402
57465
5299
45000
49465
44051
10105
17534
41404
60790
3463
20216
44542
5286
22024
44057
61824
45639
60367
44273
41127
33856
11438
4030
57122
39366
3738
14325
24497
55821
18692
37348
23609
10904
60827
44392
31683
50240
48070
3009
11225
63092
55256
14802
56410
22092
30509
5279
33772
19360
34093
48411
54299
35643
23412
6920
25531
33809
41383
56620
6743
26853
29011
48829
56400
52750
49029
51925
14448
57617
32244
49676
14658
16345
60177
41862
26586
23936
13565
37276
54365
40182
14745
44052
32297
25572
41516
48652
45005
59883
46711
21967
19782
3135
42654
32147
20070
34222
9002
41117
63108
14573
52747
17467
18652
45578
50822
52964
4284
27912
9280
42680
19536
14385
44412
31157
48779
5669
30805
44360
44581
33754
36104
58814
46302
17054
60664
11777
42515
19524
40930
23204
61626
11535
17466
24262
25960
41431
55381
5685
6718
1712
10159
19634
22707
57162
5296
24240
44408
7544
35139
51450
40247
42528
60432
19669
44383
38144
6233
62451
34955
17210
37060
4829
33738
19545
48965
6191
23077
58988
19600
24126
3397
62401
41409
33828
60176
27859
63245
52833
40145
17599
58674
32221
6192
41036
61498
31345
16187
36855
61519
50543
38685
61150
37794
44992
11608
49235
62155
31332
13475
29563
11889
20576
4568
37405
56701
23657
16709
51467
4678
17650
17788
30417
12473
17064
38140
53498
47852
54965
28985
41054
3081
37817
59642
29750
52745
60067
41583
46318
11925
60244
19658
39926
16285
46002
47099
56637
30558
20324
30655
23981
16128
55638
49550
53339
20057
55473
4642
30258
46112
30280
27541
38197
45862
6021
29102
54500
10851
12530
30604
18055
5308
43084
27477
14488
36022
18064
36833
31627
42521
15734
7166
59018
58777
40786
14965
61707
54857
35047
14919
57216
58634
46479
31204
25787
53700
40217
22491
39637
32162
46704
44242
58252
32996
41496
31678
60172
60207
50828
34041
44475
30532
51001
31143
54777
46064
52691
23059
54840
43357
52731
41524
38807
40323
35661
2008
13554
61704
31374
13879
5702
55133
58294
33718
42700
23430
45186
33950
20681
24259
40203
35949
25746
30620
40272
49886
9504
43314
55057
40295
17335
43106
61376
10083
5349
55132
49180
11335
20451
19483
57877
699
13719
10198
46781
30213
14694
56660
14381
27806
34251
60250
31996
36355
6524
5717
55085
58990
61571
9148
30964
19145
47007
46101
3494
63221
44554
8721
38185
44238
58725
12420
25493
52207
17095
14277
16681
30323
56121
20161
10230
3236
3159
40276
4770
40073
8802
57637
6776
11449
3281
46393
10124
37850
27880
10950
23050
19747
3213
5371
55161
42477
56873
18688
22980
45188
36654
31338
20635
13438
11996
8658
25543
20955
16443
41655
13908
23487
62453
52033
23178
36218
42738
51870
28907
53882
46963
45472
3372
51791
56102
49511
45308
43749
40403
3536
14791
3023
16274
11601
44579
44477
1874
36042
36746
60840
63045
15603
35835
14281
15681
14415
61373
22196
13984
52690
17655
31949
41128
9120
47134
10236
54896
14073
56964
274
33953
32266
8444
18873
25643
29393
31833
31445
34429
10603
58985
25793
53482
41395
3224
20648
22243
37226
39905
32494
15972
19213
25503
51474
58078
24439
10928
11570
35629
18871
35037
32190
18414
52897
48404
3943
28769
23161
27830
56418
6766
46105
35607
22189
25640
41031
43454
58966
51675
42905
6625
10052
59358
20987
42974
10101
46578
48457
24573
7453
39429
28482
37491
28115
20354
54055
49957
15581
37089
18062
22610
15394
22459
11567
48132
61735
15266
18943
11779
30054
3179
30122
58354
40951
44815
29344
39470
49168
18065
644
16893
52755
46726
61475
3138
2613
10880
34915
11643
41528
8029
30523
38003
44441
22401
17246
49441
14999
6765
51170
34020
46191
30641
59912
58702
1354
21045
42708
49766
59641
43247
24084
2195
24671
46829
40952
25574
15680
60204
57365
35932
5484
32566
23089
46473
60413
11708
53041
11555
62426
14316
19627
29038
56935
22316
14394
56222
21062
10706
10820
43208
47945
12329
6027
18990
11589
12626
58059
19732
30398
4450
39149
14760
12685
41444
46460
14512
37373
31196
55908
42546
19559
1605
50910
14973
26729
61730
41630
26831
29360
61183
46700
3981
58207
18772
38362
10224
1543
48269
15736
20740
8019
20474
25980
55365
8987
55588
25637
11698
6374
1620
17823
60453
10131
31100
33723
23020
8243
11795
21659
40330
38091
52433
51074
19629
26706
58707
43717
10832
36235
49999
11899
22568
7269
61631
49505
58635
25688
57412
15050
19648
26199
29243
28579
39467
35963
39062
53831
23030
30163
47939
56120
10789
1076
24247
52331
47421
39436
61496
22202
30933
16798
20309
17923
1962
17395
19788
61556
4650
29297
59395
14486
40142
47923
3393
52401
52486
24169
60083
3124
29031
52081
1809
61184
48270
18784
49504
600
1964
19534
47919
25179
46328
24650
62120
21748
14428
60478
12599
27669
23870
33711
45795
46316
7717
49405
52641
1756
33374
14761
59657
4636
55166
49003
90
25207
14869
12760
10195
47123
28425
42554
46256
25600
52972
20198
31483
59651
26900
31319
35590
57678
20753
39976
62129
47019
11520
33730
11950
56345
33696
58843
56694
4281
25488
27506
48477
10072
33395
51197
11685
14561
10831
52947
45388
22483
19688
3309
30448
30216
3412
11720
14505
50635
17202
31442
44750
13613
22804
41911
12371
48528
57210
3012
14429
42388
29772
50703
31520
30575
43628
27677
62718
53872
9322
46298
52929
4032
52744
3273
40614
41519
58608
18292
20438
24089
52357
25757
36761
37201
47162
42698
59189
30963
44958
47203
48909
31306
36383
23083
56026
20890
56661
39788
14900
57033
20142
43469
52971
45576
19062
14436
46545
32013
1078
43097
51461
52416
46972
44782
51601
60180
24441
43682
16719
17950
4824
63118
26863
33781
37219
48072
33825
60619
30173
20886
57655
40213
44371
8267
28005
20770
32137
17868
10079
14668
25459
60056
46459
43752
56356
397
56455
31396
48447
36944
54901
31088
44462
3424
30103
21586
44450
28975
20558
36610
50817
53461
38244
59856
34249
53654
2071
31715
33349
63034
35032
30211
39459
16398
25380
40645
57873
45187
18220
44476
18445
55736
61154
24398
30597
42593
54935
46188
11374
10112
55312
59407
48735
41429
22674
43153
40797
1399
3346
14781
14551
41722
9196
46480
38251
38816
33805
30366
18983
26643
20788
25594
35079
31261
14295
60276
33963
50963
30996
16787
60038
55450
50949
53091
10184
56603
56069
33957
32241
51007
39455
17427
25963
48425
44281
38057
3472
52729
22665
43958
47143
60786
18343
46732
47604
11288
28257
28864
13672
43878
5246
11502
14221
49713
12080
35953
51050
47179
36694
19548
32017
20078
18032
38309
10359
31333
62959
26709
46747
54630
62510
36986
40708
56676
40973
6777
17118
44274
61525
53472
11632
25460
48001
39434
14896
48631
60800
14409
40647
52736
10169
24221
18410
10799
37369
53231
44983
62265
34227
54119
14398
33624
22324
43547
3741
28150
43277
10334
53937
35102
14350
47233
10144
14487
18453
34788
41982
46146
36626
1778
30268
4366
30051
61518
54387
41000
30076
28847
59117
62079
47345
61541
33692
14706
62721
9874
44269
50602
58890
17716
31609
11521
11804
53846
49491
63216
35632
62879
49069
31704
29069
11717
46182
30345
20555
59152
54716
46541
39928
19612
54267
43820
33785
42197
34873
41352
40901
23013
20650
14427
5140
37856
14337
37107
1865
17030
3661
16576
58192
55239
60291
44492
32325
45401
25268
61811
52999
746
47298
46219
60253
38252
32084
34029
1382
57069
41699
59099
57409
59995
34160
10110
58409
53753
14278
33401
16457
9356
40406
14447
4714
28959
4367
1045
31626
38155
30209
28831
57688
47963
41564
23478
48682
24111
34316
44286
35851
22951
39396
3610
44366
59113
11658
12949
48074
46497
16209
62992
24460
17729
11713
35422
43031
20048
45461
39207
3238
10900
28978
32159
40474
31501
30956
3165
19361
40460
25309
8521
35921
24723
41450
23217
25524
56976
14563
7328
14345
30117
47069
19635
10103
3614
53563
36580
23447
35143
19074
24115
19608
37316
876
51162
28995
48740
18244
55585
34195
47208
56990
19186
46562
5468
55590
35637
55213
41465
45950
56248
21938
42699
27248
31365
53554
57109
19596
40434
37358
17740
42835
35063
7597
10777
5146
1672
16364
35633
30719
44254
12330
7348
9958
60735
54029
50918
25000
38039
63094
25639
5325
54794
23311
61717
54657
15009
47725
60689
20728
10923
30488
10189
30221
60197
25504
59652
23919
14773
23151
52910
60526
63123
57437
4370
27348
46021
51715
56921
24691
1835
49253
62188
21487
30895
6370
39413
1520
37305
1339
56916
52544
55598
35444
25021
46464
52411
52296
32729
42711
12412
14951
1673
45972
48396
24843
6884
37355
51768
14661
50878
14609
10902
63225
20907
10149
20645
38699
698
52529
10200
34336
6312
23322
44411
49148
46205
59293
55074
35647
59042
3061
4310
32321
30878
3567
38760
12416
61298
50738
4784
35641
46321
44064
31581
26037
34216
3998
25122
32328
25479
10089
43788
49057
8748
45046
30282
46706
27387
29036
52408
52915
13756
23004
1890
60607
47857
61452
38378
29032
22719
18961
15545
7896
57490
61674
41727
40575
49329
41847
34285
53518
59874
12780
53573
33810
30950
7703
3232
31796
53713
25525
49828
18625
3561
23078
53867
46184
21996
62456
57644
31686
10056
30470
23295
14524
60401
20072
59824
51977
25185
5851
22057
51174
52927
18882
45973
11882
48470
36054
31369
13362
62709
12367
18656
29109
44556
42144
3497
24143
11488
58591
18758
55260
31209
45307
14321
3314
32312
23145
42662
60998
38154
49885
29167
50317
42457
37544
35005
16824
23993
63208
48234
32181
26845
36838
12835
30381
14621
46263
22329
56045
31850
13226
49222
13575
17724
31087
33846
14623
44464
28921
48775
20108
18720
59007
7441
14635
39931
20178
32091
44428
20733
34130
34132
23245
20550
14882
22743
13643
60416
58101
39876
42996
44776
11369
30471
16818
28388
14628
11360
5265
52488
58383
50731
52329
46175
40371
13896
12639
22452
19395
3935
27196
42282
17816
55878
6283
23073
43369
58069
21375
360
48105
20760
11324
43839
3185
42911
33323
10905
16267
63145
44033
25178
33031
25660
62369
17917
1001
5251
34999
25554
46269
51595
11028
347
38512
14553
35036
2667
61817
12000
47840
17042
30650
35304
14256
20951
49192
16636
52338
1648
26873
26667
50973
14303
16197
26478
44290
14362
55811
60264
1759
32872
36182
20515
29394
35631
52989
38924
62707
42684
15764
11110
50946
35508
18570
14924
19731
25009
60205
25704
15452
8119
18208
8095
41421
14327
38107
16594
40279
34856
47014
52995
47428
59913
61490
54758
26792
46255
62914
58982
39679
54686
1926
61649
13624
30590
58214
43190
53964
49455
54783
9353
38921
31817
45395
20337
50642
52849
27311
12903
52928
19750
29514
18264
45182
43332
46966
42749
42524
43260
19549
38940
38926
18179
22892
56795
5687
60773
31386
28615
63217
4037
12558
37368
10920
38805
43299
24321
58695
28319
11243
26795
3458
52917
3368
22033
48845
52838
5220
20914
38718
38053
48401
16362
28840
22462
29046
49049
52748
43132
29100
62694
40162
30593
56669
46067
48150
10178
20944
14796
45975
28201
16511
29123
37136
31762
12370
19676
23102
62346
59097
44034
16473
50234
52693
59140
17624
58330
47363
46371
37257
48472
19148
43205
24730
39283
42354
5227
3615
53891
58065
19638
52913
5631
13245
58724
46533
25559
2049
22751
5878
40957
5936
61585
20823
41625
44673
25477
63098
63215
56616
49649
24275
43670
18539
22090
27817
13972
24400
10148
5698
52532
45940
18681
7618
13412
44965
55342
3582
40259
41367
15162
27480
48633
41933
44628
10174
14571
30952
39462
29395
20608
40021
46227
62675
27137
24665
20338
10228
8729
48438
40058
61644
1738
46405
728
55896
40537
9112
11765
30159
32293
20303
41685
47503
34410
42271
39355
3948
50619
52737
48066
30512
53729
36536
57872
22647
39185
58402
37224
5809
34256
51179
44868
3522
41416
1786
33734
41646
42229
16469
25769
42739
36936
16846
50530
5100
34944
1419
56024
19162
50947
14663
11664
24122
10053
39818
58208
7318
32156
7190
19478
28936
30077
32225
55164
16822
14594
14226
32011
26587
5917
20317
41720
14358
58111
45089
59630
58919
47742
47748
36906
14150
60788
53545
33751
45615
15741
47968
40344
37423
22004
15033
42454
35171
3086
16389
49864
21560
55060
19583
19725
7861
53071
18298
20744
41060
14238
43722
22349
50318
20432
41724
22664
14538
30472
17702
26725
20081
47621
60362
44479
8168
26730
19790
44022
59701
11527
30648
30174
44559
20796
55544
31254
12402
10850
44491
61639
14831
27824
40138
30039
47866
33793
61510
55363
22939
22445
31705
47728
53589
1411
34045
22100
58074
59884
16421
5814
30179
26687
3593
44088
14504
26475
60201
6435
42153
16670
59882
24949
5609
744
48540
28134
41765
48725
56950
35642
5573
51659
35604
24829
15120
46313
41456
3120
22256
31516
3449
41562
33464
30892
4056
16725
14042
22005
50442
4610
44938
53550
25752
61244
61086
5923
502
14968
33631
29471
3756
3963
37344
12382
21160
11144
46616
49507
40988
14670
3457
39749
19656
51568
56569
35035
20536
29045
48077
3214
32399
6039
53760
19727
21949
32177
19371
13005
15250
22856
60495
54503
3183
11766
24053
9985
19665
15157
3944
20398
47223
10213
63203
38399
35053
49486
36591
9400
41129
62114
25239
24168
52902
35900
34342
60025
47871
19466
18599
58872
12284
59493
11975
46864
14392
41705
35886
20186
38326
30249
11340
14664
53131
13701
3464
18508
43933
50313
8890
54428
5566
18975
52722
29689
3428
1872
18850
14771
13626
62162
45002
27020
14740
52756
44954
13610
22216
22699
42422
51319
31820
12469
24200
63138
30373
21916
46697
18449
62719
3011
29040
31526
54848
30248
44415
20970
40372
12421
62999
42450
52210
30587
40869
35593
14714
11675
19723
40461
14242
36707
11614
30400
16679
52339
54331
11793
11756
60283
56414
51182
18722
14757
24908
47227
14433
9158
59526
20224
22865
39171
20157
57413
60222
54852
60750
27906
29714
18136
25682
44040
5036
53311
27678
31278
8850
23363
19697
19558
49871
62345
11965
54888
38380
24327
10133
33250
62563
43980
31547
28506
17488
53530
42183
21754
8074
40166
41484
43930
10073
28095
5705
29101
60169
62933
14094
32310
56372
51117
37415
55462
14526
39274
57783
40430
38811
56662
53515
5054
18775
2110
47682
44585
33163
52022
3280
11747
30900
11055
54964
43119
19005
40960
56000
46919
18125
5355
10085
31923
24288
14672
13540
57605
61709
40576
18451
62751
28966
32294
54156
42661
32723
46372
31056
60248
5709
26658
6131
62131
38179
12452
1877
59614
11789
18275
36892
49440
40429
51242
45006
46309
58095
37550
10172
3451
19571
10102
35093
54178
19006
10187
16196
63128
29992
14892
32285
20821
25330
5357
20484
35092
14733
35256
30327
14597
30020
9008
11940
53723
49472
48400
59903
54975
12843
19520
33712
19754
41114
46273
47075
24365
40233
30007
59894
30658
61584
30560
3414
35902
35008
39489
14794
15521
43213
49714
6767
23208
8642
50895
31305
36408
38220
28479
3434
61161
59663
29669
9866
56600
25491
60753
30168
17748
33969
39740
11639
45937
15524
44444
34087
10054
20170
17900
19618
42385
36852
59482
25762
43478
11540
53501
22375
26082
57237
49430
24080
14038
54394
11635
31560
58219
47220
7892
4777
20604
35579
39437
57921
7578
11661
48693
40964
13819
23112
27768
61286
10199
50896
48450
12555
52712
48215
6320
50628
3220
43954
46281
14529
27103
6763
35018
21128
4525
31022
10311
24374
48697
16144
13557
35066
58799
8432
28224
36614
44189
44019
24514
13962
51002
37988
25675
29696
32222
13712
38773
30317
43631
30321
23167
51789
45483
54172
39945
58211
58185
28017
993
23127
56419
43794
27609
22832
11772
43899
31402
41758
17972
33922
43936
35071
14959
59226
34275
19324
33986
45493
19670
61446
55634
35031
53005
48687
47016
58089
24020
58474
57132
1715
44204
27428
48002
35452
7327
60514
52740
56027
17827
53943
14520
61371
11584
32056
27294
41814
54585
19575
23466
27770
33691
19097
31466
22342
44078
11687
24116
51814
24378
38678
61514
25666
57383
37127
8848
13191
63006
31612
14477
35502
31608
49066
38800
12308
30490
33532
14768
53873
10210
11467
62731
5946
30611
49160
55594
14313
23063
30382
32061
40236
35372
19781
25223
61896
6028
46804
1369
5324
5164
43392
5712
11294
31858
1624
23479
42272
12434
29092
43356
5312
38764
59833
42778
13457
8195
52952
35578
31971
14396
18477
11856
46127
55088
7075
17313
24174
11499
24530
35894
11302
40369
22318
62061
13870
7307
50633
12485
43853
39884
40175
46290
31948
31570
31484
30866
58692
50923
61665
16250
54976
27620
12807
45677
3247
31020
10205
60024
36173
44361
46739
25462
24756
55688
31699
54873
27780
54997
44421
44046
10132
31860
28843
20765
31252
25528
30778
53354
24962
61850
32186
5654
38150
44957
12575
5738
48475
22998
13238
50891
48716
30264
16762
20639
25749
53263
26839
60239
12020
62663
20177
5004
23240
25221
19514
28994
55531
18192
43100
31509
15023
19602
24697
53620
22983
11525
63030
306
25738
35554
16260
52664
54044
40197
4790
48473
23420
13913
35958
3475
5416
43852
23471
30164
57762
31533
9373
10055
22654
30760
20838
46521
55087
30583
60819
26593
40623
29156
49652
52922
37188
34281
46286
53090
45465
46927
16390
43161
11794
48103
22165
14696
44586
49349
1939
56335
19283
62322
47212
54181
23037
55557
38812
40099
39402
31358
34280
25785
20435
45921
24444
29058
32875
5323
14503
2607
4210
42138
30888
4718
3025
19615
148
60290
58651
40271
49779
58414
59672
8985
37878
39694
36788
29108
11558
29484
25591
6847
36755
37999
36764
47711
48672
30151
59886
8803
6244
42382
17077
38735
39486
11718
4387
36871
10404
20518
53810
29986
60192
44095
56605
53900
60776
1827
13641
53941
31710
45915
23118
25652
30377
14482
13841
37214
12362
14643
20199
978
36874
9348
49842
52442
8382
24476
31903
3799
62227
5632
50911
19637
3064
10113
14738
3073
35838
5647
11514
55048
7929
40959
33961
2568
52723
54886
46549
30134
14589
31726
56821
63234
3269
51769
23911
18411
34038
52441
33943
2223
5422
31641
14387
56194
62052
34508
35660
33852
3657
40188
32214
31361
52668
47787
35646
29680
51023
52148
3316
18739
5512
45610
11805
30867
15726
34012
57455
53549
57370
36920
47709
44086
48996
19736
41638
17629
39287
16441
2995
16328
51344
51742
58381
54905
35845
43217
26866
44748
46921
3406
56413
36348
8038
59870
10139
4674
11556
22527
22823
10536
25709
63071
52847
41767
60590
44588
50856
18033
26738
60255
17851
53534
39271
13406
14888
4360
25472
6074
5112
18181
29362
3492
36819
59620
33504
47980
3491
28555
41135
14351
60288
20184
10141
25657
29348
30530
55502
44567
49841
63207
55127
33521
62800
41875
3105
29504
48678
14039
20174
40993
61336
10153
42725
2047
17190
33976
48656
41614
9238
21011
14570
52171
43767
51719
43699
10093
58206
63131
52898
15158
22089
11650
14515
27353
51458
39766
17848
40170
14640
41373
18467
11754
31233
12644
14895
48423
31798
26926
2099
26935
31421
26802
47810
48422
19330
6956
40941
45526
3562
4819
47166
40173
47629
4017
41573
1329
62388
57359
35012
47648
3357
57405
18783
36239
47756
56587
31465
48662
41425
29707
10557
55191
47839
60178
31274
20820
20151
44196
46294
38734
24289
14400
12723
39878
55671
15516
12233
29502
5719
49005
48412
22119
13974
7234
33701
37454
21000
42461
52266
37162
1598
29008
43978
47718
10185
53933
52300
52588
4021
38189
55684
36192
4487
38822
31558
30309
38188
56044
52515
45443
60758
49876
31551
46296
29076
31430
5506
16536
30105
48839
4795
11035
973
39585
53603
30275
53268
37225
52872
46047
54978
22306
37383
18699
11232
38739
964
39990
17852
30566
3058
22218
60284
43693
52749
14420
30656
10171
45276
25732
11753
35060
46797
48408
34929
12571
36875
38043
44289
23086
24203
52273
3455
23023
25494
10084
44449
47865
43983
52711
48463
54961
1020
11569
49650
30416
14716
58887
52692
5317
59563
12328
5142
4397
18121
52940
3188
44384
53562
57016
32358
5306
54907
49437
30129
37234
16565
17662
63104
25403
58574
3381
39920
8692
34239
56586
48655
20627
38398
49756
62844
11761
47932
38183
14416
31177
52912
40265
23861
41411
37382
48578
27473
25703
19733
38740
9296
16346
15306
26875
20559
59736
61264
17110
30387
45826
30690
52974
16462
17547
27161
44029
18781
61846
21170
23055
40200
31154
22144
61893
37397
27682
6736
49211
57423
50466
47876
52193
33756
11776
22113
8898
30312
30297
17720
14795
42221
19791
59088
19008
31550
41719
30469
20252
41667
56240
56585
11644
25641
55436
12424
38774
31940
51959
55709
41764
23405
61666
52232
18920
25763
30990
29044
52615
60761
10175
46762
43927
11680
36853
63147
48847
35357
33823
32299
32533
54472
59036
56164
19767
11773
12134
31661
42242
37446
40435
13090
45448
9007
59102
19235
10229
24686
10193
14614
44100
20384
14607
10065
281
33707
46025
20505
15655
29542
40990
32194
35040
12319
32025
47903
34051
15176
57679
37565
56572
52173
6167
33219
47436
25708
3152
44375
39078
51336
14641
62347
60186
33709
26927
15040
61608
35555
17892
61141
5974
29343
48243
19610
31295
44648
5232
40179
25661
55064
19684
9349
20034
37865
5427
14273
60634
62085
27645
14579
1694
59119
59846
31281
31945
30407
838
38375
15147
14442
14182
58964
54582
17119
25210
45518
11560
60815
57088
6723
43975
43618
33981
10235
54260
45958
25573
12476
56406
63226
13431
46558
22676
50916
30291
22074
40243
5182
2798
47702
24357
10225
4430
55812
58375
22229
57673
31620
8333
57037
12442
39468
14774
36818
55965
14576
61329
36845
1720
27671
24728
63096
59860
56270
46139
16790
3150
41452
30365
53183
59665
60142
26592
15336
63176
52104
31220
39445
13186
39676
10088
61506
20352
62780
37308
37450
15676
59738
53255
24408
15111
30114
40848
19208
12263
27823
53865
28713
52738
59715
36200
25548
47115
8998
59114
53711
17769
60585
31758
18307
31275
20429
19582
38418
15021
13830
28600
4788
5816
22395
14586
45597
23287
11724
50883
44096
3020
36396
25304
39451
39469
43015
37769
58630
4687
8442
11412
61823
19763
19774
53328
14705
30542
11668
41434
27658
31790
5465
43333
13623
59186
38765
44097
12714
31260
59511
54790
58484
22955
43921
10653
53406
31385
42512
20687
16839
51795
14522
33541
11621
54522
56944
52720
53777
56028
21086
19473
23904
14568
62185
62445
28999
40141
30551
44448
15393
59915
45206
22729
6420
47677
57167
42667
42340
30394
19480
29029
14577
4597
38724
29389
12505
6968
47224
1578
36259
63211
59635
29648
44085
5697
18037
40149
54985
25788
6937
6788
17910
19694
45995
3031
36246
37113
38097
50302
43909
52429
12107
16399
27114
3518
60224
55506
42300
46362
9242
47559
19729
10111
52828
25613
11771
53866
26753
23502
14308
10138
57418
14637
14302
53007
60279
31284
17913
34320
22447
4073
23270
44048
23272
37209
26690
5395
37190
44896
54034
5380
31629
24745
11188
48451
19562
33706
11932
14207
54918
39444
58968
63056
20296
4391
25401
45804
22132
30582
53750
42245
61997
61857
19758
17091
12681
20071
5491
16161
55906
62954
57438
6195
43926
52903
45638
25784
52041
26764
44325
2910
39442
11691
34297
60421
41514
31399
42361
14258
57862
18536
60272
15184
46292
36249
28452
38210
14776
31745
10971
20095
59674
56670
60152
25082
16480
3598
53426
49421
3151
3818
19785
51752
21007
50377
14528
60175
11916
35219
46016
43739
31892
41463
60121
22183
40965
5840
27743
39196
53591
51887
63160
31285
7458
60578
1998
4534
2181
14970
15636
55631
23608
40191
53438
53869
52924
31638
4031
14797
38172
11460
55071
35074
60252
23000
34845
35565
19730
19700
18778
43637
16749
48128
48665
61465
59528
42757
31139
19647
34321
62714
34421
20778
25777
29721
19485
11568
5541
53230
19695
20922
49777
41589
19252
19497
32188
17772
40154
26224
226
20376
9689
6588
19556
18754
23984
20464
14681
62150
14602
23711
32313
53492
42701
30618
20060
14560
14341
40178
44814
19168
23475
10160
62467
40572
31398
61650
48958
50955
61655
31868
20274
17580
11060
29581
40139
7588
30166
63029
23569
5908
55056
33622
23123
36785
32236
14763
8894
24695
54273
31373
52608
25734
29731
34839
51145
11797
11770
88
38034
52699
56260
13829
40438
45562
30432
44092
28140
20171
3270
19577
59209
61478
62087
61131
11510
56379
52836
47171
6310
58401
55550
11928
9982
43013
52448
23773
58052
256
16386
60002
8779
44024
55080
38713
46115
320
51054
42241
13129
49096
60298
27096
33671
22304
28602
39723
23099
38103
28565
59950
50196
53848
40287
4108
7586
33191
43257
37743
15051
39322
54324
34627
10556
4852
39246
3508
11115
30292
38877
10531
16061
32792
54469
45360
15973
33297
62149
178
2212
33800
7141
7082
37273
24350
37763
46663
23024
19640
56275
41167
63103
49949
12568
12117
28726
50778
38863
7233
7614
35193
9138
26354
9090
1276
7992
5608
54096
49447
24996
15340
17751
4448
2465
1921
3550
12829
8647
2338
7224
23409
30127
17987
15878
34876
41252
50433
820
30715
47989
2574
15510
21943
55220
1740
2766
2330
27182
16152
45103
50352
16888
5783
30739
52256
37254
42848
45845
34155
4778
12314
34693
33146
22390
49928
25951
767
28275
61825
54793
39566
1056
29711
243
47102
27177
55581
22807
3425
23005
23737
54257
11705
61798
16854
24750
27349
38265
20694
8242
34186
57164
40345
57093
58138
46535
34137
7451
16446
9402
21625
55850
27504
6731
9073
36458
3613
39141
46204
588
9956
6363
61976
14146
20958
42630
58325
45538
51497
41718
7754
58182
32664
19925
31992
14509
12170
9905
53897
28135
34453
4143
6381
15425
28310
4554
4333
716
46114
13097
154
24466
36095
50518
53838
17356
48282
32720
7521
13298
8690
9060
47291
53960
10352
28074
20507
15235
50679
27123
44260
7648
21676
52760
5638
11843
37828
13736
21209
15794
38061
29626
59468
12463
43750
34973
32335
17173
50061
54270
975
12659
60303
52265
60458
39892
8807
60022
46841
32005
29901
31201
28307
8462
43312
5966
3182
58925
13424
38304
43674
27986
29845
34204
38475
58105
13074
13024
61685
10319
9236
21228
2958
32926
27515
2209
58746
48933
6173
48124
55479
6862
38450
23834
57158
20424
35150
62471
1195
26303
18492
32560
46029
49732
37274
34810
53137
34070
934
44900
59681
40328
42437
12054
35736
24012
9568
13655
30784
43772
24031
38226
17447
11177
24446
23461
38985
36618
21141
23180
9983
8401
21525
60049
2458
24178
38579
20003
44676
12559
31561
61572
19125
2614
34775
46881
37760
9765
36706
6859
52557
22198
30713
23517
12861
36834
17304
12102
26093
1645
41856
47668
50512
13779
45436
51289
40629
28471
59413
41357
53076
38701
60852
13301
18331
62001
6948
54021
54434
46243
12916
50820
22634
28500
10773
15940
1592
62659
8778
4054
21768
50665
14793
29203
29530
18304
50203
21760
59023
47882
7242
917
19909
11114
51792
8374
35461
51652
13706
15252
40087
43293
51071
19830
34110
60906
63141
7390
50105
12198
9116
44940
62673
57351
57124
62760
51954
31051
57989
22546
1093
12848
57941
46900
7317
6239
23807
17572
20281
42493
55602
6289
4536
4082
39087
32446
27366
45858
6079
59605
32281
49363
6819
60806
7180
36425
14086
5107
3572
8454
42411
23837
27435
3811
32342
42781
49344
28267
36631
7748
46082
12868
41214
62291
20353
50343
26835
33607
60330
45732
35572
47525
49416
21063
34101
52240
2923
12018
21997
29966
59147
33271
21445
34292
57745
55994
24065
22358
32562
5364
32612
28567
46391
12747
15047
54462
477
16844
803
27551
18308
36546
51065
5101
58013
16832
22508
12038
18568
55224
39536
7786
41723
34468
21921
58229
44363
52675
62856
69
16735
41372
50709
4695
894
1518
27104
56152
36801
12521
13564
28217
48327
29163
54473
13401
32381
58686
43290
15778
28269
34416
62869
43724
44410
5879
26843
9594
2609
32510
15122
35509
31810
49579
57295
1305
60798
25068
1203
10754
54224
425
10495
48577
46051
7622
58547
27996
15796
2514
8386
59123
41374
4648
45001
46917
31136
2893
63055
15034
39012
49556
42742
6822
41918
58054
59577
30926
6393
15043
9781
36277
36645
30806
22063
39311
22143
23371
33187
20056
51248
46634
8538
28407
7147
4860
45892
50108
35722
7191
42091
27962
51845
2929
8162
26008
46878
9614
61123
40984
6835
25456
26619
30695
35098
13283
55605
51709
17570
2185
42968
61961
3405
27374
18315
40290
54570
9888
45894
43727
57899
38361
58486
21350
29841
45716
4869
58460
8446
6258
48131
11832
40480
40482
46926
37797
56385
19708
63078
25222
25792
17174
44873
53961
6857
50028
58680
6162
30300
35258
60888
68
35374
30934
8151
48570
20658
27235
22614
1138
12536
22439
27594
32128
9308
61740
23660
37145
44714
50007
60225
37767
41836
3746
1052
35670
39387
12261
34198
55020
7424
50694
54474
51585
48098
26482
24632
4116
19405
44829
53209
25985
53220
62474
38149
27565
15872
63182
21281
8866
47042
25176
48603
61816
27522
6197
8602
23791
61104
22044
39898
47986
27870
20833
21187
6346
49557
30510
57319
2017
53767
12976
11076
1693
8465
3841
20918
27920
61970
51306
17265
56140
4842
19264
42298
31057
30104
27100
3077
24993
2199
36409
53728
14280
22040
54916
24978
21540
7073
3230
59495
58803
40454
22842
29499
29616
21723
32722
23348
47536
24864
12204
43507
26286
11846
13140
29138
17136
52870
7797
62912
42641
37894
21408
19663
27344
30965
18243
25922
60286
48059
53126
15346
54973
60304
13365
13213
56193
33867
18502
28517
43671
59005
55807
46159
7296
10983
48875
238
62515
42943
7108
29413
1092
62921
18635
62735
51691
9145
415
32180
26940
35732
23809
43614
25106
45912
5327
40098
29438
53156
2132
27329
19190
57380
29222
47722
308
4755
30835
49424
48064
43678
5664
43666
25005
34138
51292
18284
5961
2431
43890
17792
33197
20749
24606
3448
58650
6907
4348
55371
7479
23206
60020
9214
47584
3498
62916
7231
4193
11348
56945
47481
62032
14913
44905
35451
54860
30928
9744
20363
14746
20226
9435
57835
22870
38670
6950
2990
54197
29443
28130
4947
41799
39654
3110
27002
28573
1850
21336
16547
41906
18168
59230
44241
45024
42286
8808
61029
54377
57790
25820
13242
51582
30262
48250
1051
4955
44126
6882
41588
53639
15666
5828
15719
38585
26493
44616
32693
5261
46849
16168
21061
51284
33873
30071
30728
8186
9641
1615
7596
5710
28935
58064
31084
29543
2339
40421
22047
49575
6695
50252
37526
2500
48820
15032
40563
37315
11905
61230
14518
32449
36211
17543
40582
20549
22917
20827
58567
17894
45794
61042
47561
16436
43837
7459
31003
714
49596
9318
26498
41944
45429
28434
33847
60551
3430
45280
21108
20683
39770
36538
12091
24188
1246
39777
22765
44236
9705
46752
21880
12196
11039
50204
39970
34817
62797
62562
48925
56787
37843
17920
60380
59755
14284
34056
15979
53066
45191
30395
7172
33137
23947
60715
16994
55530
23470
36885
6251
56506
27803
56201
5772
15807
15481
28331
41249
9287
24023
27924
35245
12662
11667
3688
60220
3646
58289
47941
15678
39556
52248
53956
23313
62568
17924
36158
51217
11895
59522
53607
26763
16395
28822
17725
38088
47258
1504
42318
1270
43520
47664
45547
15856
50233
57032
25297
11038
56226
22919
41796
10568
56513
32668
19041
28851
18667
5311
11611
22860
48455
47478
2059
48924
53996
25897
15126
46514
13948
31911
7403
38024
52935
32387
23701
749
3919
19066
61654
8661
53194
7572
55452
43519
23132
45909
16048
62279
21107
26153
5270
48065
1171
8366
55144
62285
59864
51994
56647
17552
39712
52150
39978
45644
50770
49738
59506
29613
59386
38045
56847
29403
7765
23849
13232
18046
2759
9325
32371
53517
22972
1790
54228
18683
2244
34071
25684
5764
8107
53892
29169
42029
32742
25921
32813
6050
4058
17254
34695
26169
37998
12365
57720
24904
61299
35482
46580
38879
5799
5061
1373
54736
5819
60955
57019
32235
20410
9563
33044
1143
39208
19844
21759
16351
14061
18026
57515
15724
60640
61487
37112
2951
62602
61255
27117
42562
44702
41209
49343
6951
31405
5337
28327
45362
58317
43118
50197
10324
54806
9848
41915
22585
40531
19349
41760
4716
53478
32780
22507
16303
76
39638
58224
34673
270
3129
57509
16695
7418
21808
27021
13081
58368
59045
27024
40523
61836
24589
8231
35388
37969
9864
12758
32864
7284
13703
9194
51862
39599
52326
22203
42196
8257
37589
37884
24939
47541
8784
62599
48606
41280
48076
36620
56480
22996
23329
43
37414
61879
43328
60006
38730
28021
8592
51135
24761
62118
29075
44472
56009
29900
36432
47792
56724
35663
53878
46590
56056
83
33050
27944
38998
22601
45889
27921
61539
725
53693
45556
17222
15919
21594
9124
25153
15453
6928
4252
44643
12422
37818
58927
51812
4399
29659
56809
29298
7699
45304
18810
38917
56752
7413
875
35712
9237
1317
24488
33118
62239
39284
4038
30303
16727
22540
49521
36727
23734
37915
24641
34525
5627
13138
35282
17401
15942
28376
13063
13053
32380
61020
29179
24662
60894
2535
40399
54665
49197
33904
9320
23831
1767
40089
45947
26172
3383
57805
33633
33390
13758
14059
7316
25547
59471
25438
26904
13166
16308
442
237
43269
56046
53015
314
48676
27651
4473
1726
55618
43311
26149
47356
17015
59497
49748
40697
38030
4165
38623
37043
62701
35818
49321
54484
33416
9100
44770
38504
6509
40086
23191
20579
1148
14653
46247
49668
24036
6800
17156
55172
29728
34931
57261
58036
12375
9071
15035
23740
38544
19779
2565
35668
1223
9372
46334
27932
32683
29682
33625
20600
51974
183
35553
29282
22529
61911
41556
18622
53133
9408
39532
46168
60410
31172
18727
31239
7539
3825
54819
44184
46741
131
58960
46598
50476
5207
52501
58281
28572
22816
53849
22704
38483
45962
23913
59108
57106
58040
32323
19156
62325
15951
21318
47482
11254
26956
40802
37521
21238
40694
5104
47194
16269
62076
8686
30872
26467
27222
29649
3829
32199
63000
5739
26909
13937
40872
38898
3577
13268
56065
17020
49279
45957
13317
19121
14199
47252
45993
31095
23519
43797
46606
31801
5733
59628
62267
17453
50216
52508
2025
12030
5117
3456
38385
4069
6378
49660
6719
57338
40794
21426
35693
19843
47031
13835
22556
50103
52117
54171
35203
54358
28306
3609
49677
34950
3603
47961
19230
8377
42774
44500
15457
2467
17018
48584
55146
29974
55376
54480
151
37914
36105
46627
7707
1456
47454
56468
966
9297
18501
50801
36483
36545
56895
27634
13945
36437
31577
3641
24548
7952
19434
41925
24510
28061
7840
52481
19332
61551
54441
50612
41511
21701
32833
61039
32278
49107
15487
3263
58280
2935
17267
19096
42793
17258
54713
22456
26320
8552
60708
9368
6949
37376
17137
20996
43538
59514
21897
50803
55601
8111
583
32936
32012
21533
17954
4156
20478
34381
46724
56970
5651
29244
61035
19199
2522
62088
45131
40635
27109
56029
28287
62480
24892
55017
57399
13930
34677
42072
24783
35500
26184
34982
34828
52888
28270
34247
55109
23976
27185
31089
16490
21111
26447
38230
17003
4269
48016
57313
52959
53640
5158
44785
34893
44109
6593
1372
13436
18587
55494
62584
15407
16073
36884
4830
8054
43605
9741
25718
42797
52380
10745
18854
47352
63043
26324
39348
25246
10982
17154
44959
19182
48083
61219
34754
57838
2954
38825
26515
2655
6116
61801
42583
28422
10529
35133
44569
36931
25889
12241
21463
5379
10265
15241
34115
45174
437
58190
17380
5122
57387
55886
15164
10272
15962
36055
47311
59398
22142
5793
41189
38789
45713
52580
51581
19415
13845
51107
60597
14980
33965
47948
51698
7089
2725
14314
25274
21431
25323
56612
58165
21569
20968
47274
26663
47078
51380
53067
61827
32112
41228
47033
7065
46873
38658
37735
42089
23390
25959
11973
1146
51760
17691
10344
56131
50941
60809
45340
14885
20319
549
25012
35701
32475
25286
34371
40611
55409
30619
40685
42466
22384
53243
15426
47761
58429
53173
52496
56183
363
39833
60565
58897
16967
45457
5124
38938
34233
10765
31607
61156
28214
35401
2081
53327
44253
58885
46679
21773
46373
50588
59426
34935
1375
47025
62365
59951
57760
27489
60016
51270
54354
4766
33493
873
22973
38534
11149
20715
19822
4338
50702
16699
44675
6541
61323
48950
13692
12066
1238
55858
62951
26548
9683
28595
44329
5788
47641
39702
40548
6350
50600
7535
39593
1176
60897
17857
7460
55707
8880
38042
10154
39487
14268
30534
12942
46327
49310
1979
35986
58479
16586
36703
34437
29861
49964
28305
54258
24918
12867
51883
26535
37648
7688
1528
8099
53197
1124
24675
40250
54378
16795
46350
62787
51391
28830
36174
3953
61325
45617
6974
42936
6324
55236
58376
56466
11244
48500
49018
4546
30985
62823
8110
36190
16741
55784
47638
36165
1086
53286
10955
10498
14002
4151
39979
2269
21486
20606
25426
7217
44710
13792
16140
57740
37772
31055
22405
47907
45986
17561
10442
48151
24677
50081
21352
47151
24091
622
14047
29078
1445
41849
46367
1444
61725
26174
58792
51378
59264
32772
13252
45366
753
45075
11313
53352
46556
46755
8251
38126
38899
40335
59762
33469
47687
53673
59959
36203
34118
47693
16728
12266
44520
41322
7541
34674
57581
11209
5682
3509
4552
24720
23927
7446
16255
39231
9231
51444
61744
51436
48948
648
57341
21881
35714
7173
20074
49068
32925
35487
52271
53629
37682
58721
52006
24684
23687
57477
50904
59048
8329
40625
19424
34318
21135
8318
55218
28945
31690
42609
12634
39710
49661
826
1050
13121
23601
43394
56707
43010
52850
49827
29308
3052
4275
51957
15646
51860
50437
18491
15200
51807
22599
61675
9930
38559
1866
61952
48133
32507
6760
21785
52172
2087
5630
45284
54963
37895
35351
4371
7178
52097
19317
50413
27619
2679
15558
55997
51599
8393
61607
53585
46809
28801
47977
3216
28234
42039
12137
22596
49747
15025
25505
27840
16299
13852
45861
11195
17883
61350
36482
2470
45895
19928
33368
42907
23095
62849
34542
52253
37925
37356
47269
43513
32291
51926
8171
2872
6563
20843
62165
50529
21489
718
7866
43902
4012
48329
32763
11654
33
41058
24919
42842
2597
43537
13892
56497
25385
51511
57393
25702
50282
45654
60425
4801
58555
29197
9946
15629
4155
302
44309
47058
53695
52851
29374
1134
20562
27614
47200
37613
48831
3437
16819
8313
19464
39249
61401
11390
1791
8915
21993
33727
24130
41973
35185
36141
29929
50329
40033
5854
53663
49695
46828
9752
21146
21514
36290
16454
849
26851
18867
57116
45140
49921
27010
41343
35876
8404
45749
62247
51133
37645
298
29406
31862
33315
58267
41485
31744
42181
4185
18393
4147
23637
46212
3416
22790
52470
43616
58839
53583
35138
22077
4217
7016
9634
7865
35549
60258
2304
58875
12496
3675
41550
50909
57105
50358
24798
4091
48737
55369
49379
46948
22994
6890
10196
54450
32608
43310
21854
3842
46960
30959
31133
45539
37072
21268
53165
60870
50060
61380
46010
13585
26767
32097
33971
19060
51605
37037
48032
8146
55375
42617
58265
47483
37796
27215
17109
55797
5446
28903
42575
32601
60918
34459
775
50968
59224
37545
12783
1576
8169
2684
39245
56511
54057
19428
62331
33279
57136
21851
16164
23397
50208
48071
61535
6944
9952
57572
21791
28108
11807
22868
38300
17144
53633
17165
42626
4825
36329
62647
46359
40051
23677
58921
22716
24741
27911
39202
54824
10665
12572
12873
52437
1724
32051
27354
54268
32748
42276
6904
59296
55799
7297
4438
37427
2608
22995
9224
57224
16530
49027
54142
10939
6464
5950
32377
25814
36017
12958
6215
9329
59448
49124
25119
34331
46200
11252
34729
24170
61189
2442
5030
30886
26986
51128
4469
28423
58189
38293
62500
58997
56319
1191
12119
60058
43798
27636
29739
17621
37834
43294
2225
57725
6178
62100
19120
2515
35648
60957
14011
10562
19298
21845
44796
52702
16750
36554
55862
24546
1328
7235
7490
45976
42603
41059
19836
54517
18805
40280
28243
17477
46746
55810
13415
33875
316
13368
62983
6660
46466
59013
37635
31590
51756
33201
2675
45691
48023
1082
26038
6896
6105
55078
63033
6163
29797
39846
10937
14946
9466
5372
52292
36379
25925
50260
58293
56188
36359
20146
52829
26397
53010
39330
21679
9406
22282
48734
31328
52596
55705
39728
33896
45101
19800
6667
63064
14167
28513
49204
16629
16592
51321
6379
23463
44493
32967
7657
22078
55415
17782
43383
23780
60730
4178
13229
60375
61981
55716
9884
616
7203
44784
719
42427
50986
3784
2553
40643
3718
21918
18219
3487
15610
12786
42440
9232
51212
9246
26255
38470
38846
50076
19014
54616
23682
2252
33249
17142
4491
24341
52086
9692
52120
4395
4878
45351
12839
23989
9468
4880
44084
37946
43105
39099
11448
6402
8694
26263
1650
50793
57040
26509
20172
63061
1799
20736
61555
2349
10479
53050
62407
42040
43728
52272
38453
49010
61479
62521
26336
13700
27639
1682
22606
48035
35681
59853
50097
40719
6078
29414
24851
12822
39625
9459
9171
45495
47635
15228
56308
34718
47451
51778
47962
3373
8660
35247
54040
48852
62644
34703
21503
58141
35907
4845
39800
9763
50539
995
36133
8139
9777
6321
41541
21633
15429
42243
33841
2712
36911
37960
11299
42877
26723
42113
23253
57385
13269
12541
13767
44723
35934
24194
1393
58186
2296
20152
34098
49906
24274
17861
24866
55077
62205
40662
34458
43285
60904
48337
30055
35274
50501
36109
55600
24763
295
25041
46982
50943
22406
59270
28523
38277
47627
38018
62738
42190
5046
43870
50154
27101
20509
46346
3926
4385
43534
27934
5212
59154
26452
54999
5704
50580
43814
14927
49106
39294
29718
33348
59159
41568
42168
18713
7621
47596
15278
27262
36981
7682
34870
26818
15259
49311
20315
26666
23186
35709
5119
20487
37347
2045
1967
27890
46199
27063
59779
35318
29455
57856
705
30196
21728
41308
14055
42464
32249
38919
36539
33788
10385
24231
39973
32152
41361
13267
60464
57193
7358
46924
16545
46056
57149
36002
63031
24972
31647
46275
54262
54108
15606
37294
61573
36990
39369
34991
32243
36268
5766
58631
15975
48664
8016
34433
41887
38280
18959
50242
54212
36031
24097
15505
61113
9994
26067
55988
45335
25870
37945
55263
36045
17255
16578
4575
58351
49945
21020
19375
10255
56607
38697
17352
17968
22385
24433
25442
33531
53458
39089
21922
24044
39170
27346
45931
55347
54039
46076
56025
3936
1476
62723
8026
9945
51411
15270
62252
18420
49425
50187
40520
45762
56171
52796
18721
35350
13651
2740
40281
39553
51710
31152
1699
1607
45806
13492
12105
30607
25947
54288
39084
1396
5989
20966
13599
59484
53558
62043
47853
6519
29106
10023
44831
28194
57335
12612
39222
29407
29823
28188
62314
1713
14879
8064
60914
37905
39535
59262
6886
2364
14202
43654
30678
55202
48486
35686
56042
23550
20334
41149
12514
47850
18222
53171
8028
55378
654
38341
37812
36337
47570
58593
60641
56464
44617
25656
45630
49126
40464
38262
1842
26529
40375
26512
57389
61284
57938
3596
59289
29916
41324
46692
57713
56991
10522
54106
25173
22933
2166
58806
44148
54974
43430
41038
53424
4404
21367
15459
48345
42921
2275
3533
56564
4545
19110
36199
11827
42071
41069
13860
62182
4427
37473
37883
46235
33179
18890
34206
50681
23338
29170
42758
5888
14023
4243
52549
28057
1312
38541
56881
49105
28248
13110
27718
41681
12051
34270
970
41154
41253
29794
7360
28750
57277
37517
47399
58132
4356
6470
20453
9050
46123
40244
48574
20950
35912
17391
3962
17877
49809
21212
14865
33663
48807
23524
16026
12240
26953
53407
11920
9793
28724
2543
51798
33213
28761
38047
15443
62891
59128
44210
18081
8873
22354
5942
54375
52871
12124
58568
39336
40877
3282
33732
9038
26056
45068
21476
14374
7784
16922
60011
57461
41700
28781
38642
4859
15362
56730
28876
47299
34493
47751
52768
54289
21547
19444
39331
17550
57469
13602
47891
61395
41660
57176
28971
43830
1826
13539
34776
31151
22948
11683
51185
33052
27532
50785
45245
39724
8781
17175
4565
25205
40331
16108
60668
56447
53372
58736
61793
13297
9172
35117
22482
2029
24943
5431
55265
30869
145
60350
61374
2528
9307
38978
26170
49636
49552
12643
51339
10012
58435
62942
49703
36365
62553
10959
24010
328
50507
21466
35085
13395
21724
37198
46875
56483
29461
60353
50921
62940
45645
51916
3839
49835
25608
7807
16015
4837
58454
16030
49624
33061
44619
25080
23872
61451
12282
1622
27717
22105
5510
46637
50480
3712
51765
7484
48474
5230
9657
51402
24037
2733
59382
25826
25874
7935
46901
13654
36551
8927
39745
25720
19315
4461
42721
34479
58549
9625
45231
12851
16485
48073
23388
24482
2630
1845
47979
6555
22175
2868
38524
42288
24855
16535
19189
48286
59963
47733
11833
24129
45727
51076
20674
40214
29833
54158
24493
54515
50333
20307
22542
29742
62539
28049
221
829
50504
1049
9988
50375
56962
60917
30393
51806
41923
30068
13553
38809
29807
32912
26886
16272
4377
26828
42156
2669
954
1309
58029
46148
46396
2393
59703
50288
38546
39180
38650
39548
3920
25096
19184
56923
24148
56206
31357
17282
7443
37493
45763
2731
13258
58271
60685
38790
24626
34158
19994
49128
13914
48512
15440
37699
23129
28700
51006
11418
13559
34690
15127
58629
52431
16
19982
55635
21699
44649
11749
24823
16829
37333
32805
1118
24733
35988
11744
17359
61881
30184
59923
14233
11008
591
57337
43888
21450
39142
9714
12082
22512
29939
17636
32791
8457
921
6298
26524
21279
36214
2968
57117
2447
39206
27952
48952
29898
18817
9042
37515
479
10290
28583
15414
24206
37325
57810
43984
45136
6725
15403
60102
136
3480
6010
25781
41371
10378
28358
2443
12594
44971
11647
22178
23960
26101
7145
46783
59425
15384
21053
5018
56742
12739
51944
7653
33398
56247
35305
33568
38891
258
10336
4087
18705
232
61337
59796
34805
58740
52030
15091
49582
53404
54982
51177
32635
15848
2649
59422
40094
30838
62418
52726
1815
31674
38118
56277
25329
15814
2413
11922
62382
55171
21470
49653
49588
56563
60559
5131
10534
17149
22934
29021
9266
32752
30418
39985
59182
42830
30502
17351
39673
51480
30767
10722
2813
45944
20789
6827
41659
58063
23869
27788
2800
372
26377
39811
39671
661
19572
52521
63185
10372
4130
36128
29812
52114
55079
11365
13809
5000
5881
37508
48499
44188
55157
51516
8936
1937
711
49956
49976
27239
61260
43662
839
16648
50939
2143
20082
32633
32762
17046
33257
12773
18412
7186
38962
54926
16199
7247
55416
33454
13751
62766
52673
39340
57961
48912
671
44540
13920
8270
18623
38555
48510
36102
15094
60864
44501
1417
57080
13952
3271
5780
33067
34765
57906
40337
37479
21394
48591
30165
8679
54396
36571
43191
891
20020
44890
30863
28018
55492
26039
56229
25648
36424
43288
8614
53106
57482
35807
13697
25612
19205
26570
29251
47296
26945
18489
36223
5203
4373
9909
26256
62025
27937
52782
39701
53993
44894
10624
57902
931
42095
16491
34924
54693
75
43822
9290
25919
32069
19107
51305
4489
49242
23395
49350
58490
17902
9147
61768
6997
62173
20418
50346
6647
21302
21896
33698
7873
23028
59191
471
21411
46723
29811
12479
22500
52121
12025
61847
42945
28241
10516
33189
13868
6744
17028
38139
28483
13373
54058
28016
2930
50189
34500
17291
38768
7045
4786
55936
7376
56887
26173
34630
56543
20268
8018
32898
36472
16988
19112
2847
3382
17795
22861
242
41028
3748
40613
59060
15061
48387
60718
1228
31784
29456
19100
9514
36159
29663
37518
10443
10405
1737
1755
1256
3824
39743
39334
1224
57643
31240
59924
5661
47126
54863
32372
8212
7162
35292
55469
23557
24229
20015
43485
54691
36096
38462
29943
11946
6867
47723
51301
42665
39798
19864
28638
32423
10712
37942
56474
26080
20935
44655
28436
46949
30707
10881
21842
15806
60883
1485
5797
4581
41052
15391
14952
12790
10660
2785
7488
32047
38394
39546
46342
47313
39989
33116
32345
7878
1388
39250
51324
30811
23926
31521
45607
53080
16605
55787
10572
25232
44011
10482
18294
35470
34904
19568
40014
50988
129
43517
48766
57851
48046
60749
45757
42659
41945
50683
33307
6136
52938
50740
1057
33450
30199
49259
35879
34836
9454
43970
8620
854
28365
5174
48203
38856
51008
51106
4505
5519
7255
47491
8422
31097
27755
12894
44911
4234
50372
33109
969
27637
20085
2250
12296
21913
9310
12101
49798
30376
56926
56532
17817
22915
26160
42969
32735
41204
6019
40104
59315
45170
27837
13146
10232
52282
40261
56790
39578
11033
25402
32114
43791
32689
41503
24640
21088
62138
13730
45527
53116
14547
22431
18595
61992
29258
11850
61027
5763
8925
16655
5897
13998
8260
15320
20734
48311
3460
9135
34724
51096
29936
27707
28131
1174
330
45502
37100
15923
26487
2786
54875
50674
23448
35311
30846
57190
61993
32977
12777
3594
47799
41205
2422
841
14834
39317
999
1234
42636
22015
17665
14920
54774
18696
11203
7017
8695
45941
35537
5808
1241
39879
28251
24142
39752
29435
51272
8225
57439
19896
6566
43360
32153
35923
50384
51346
41824
18604
38318
45240
51424
61799
48758
17132
24622
57181
46969
51865
26983
54423
37170
25320
26768
22449
48911
7227
55829
1424
53241
28301
39304
14205
15538
29214
45404
6983
55614
52261
39958
20397
23286
21608
59780
51387
50771
18650
52136
21372
55672
13825
22326
59441
43070
27402
27183
40705
57081
26888
57242
46958
8412
47936
36597
33176
17362
13013
62802
7238
44760
8309
25152
55016
53702
32531
3423
46128
54176
53612
3340
34896
1777
40976
54362
61019
52477
7423
59435
33863
54703
46505
14893
2363
8384
9621
13312
34897
11671
20497
13665
1236
15735
18423
36604
2898
44703
7726
59852
41848
35990
8555
41307
29201
60438
961
59107
7467
44925
16779
9823
40741
28158
48615
4598
59381
51626
58362
31574
20790
27261
7374
5963
39001
2593
21475
8109
50094
25706
36917
25291
15748
29235
17043
50902
57479
19392
10977
57972
40453
16000
35781
34261
51639
14128
37408
61145
24564
38738
52591
33069
8648
7310
27547
24399
21039
10645
7486
46348
38236
9193
60802
13505
55627
29620
62774
26668
9299
37063
6478
23856
21178
54931
32488
58467
38225
60810
9045
17579
712
53136
17880
55289
21441
9493
43506
9431
1963
34294
6323
57119
3830
27295
7931
3394
4227
57511
31273
37367
8339
915
14471
4849
26143
1599
346
58586
6734
62692
24924
42358
37509
2058
49256
10488
41106
53486
30047
26507
1935
29870
22220
16674
27053
46018
11245
32832
57928
18249
3537
45463
15580
51876
26632
17606
9401
54549
27214
54649
41070
47589
61553
12356
56293
44321
50929
12955
37066
3734
19301
46203
60274
53362
40002
32704
37181
1377
58571
7078
46579
46581
8608
54269
39232
3240
1968
32071
25436
8227
53746
46868
23607
31414
576
10173
53298
21861
24376
16718
160
38283
59332
10249
33842
44543
57998
8202
33980
2050
44124
36726
31210
54093
46356
17849
43410
51052
29628
49017
23628
51468
53525
60262
13105
59331
45651
59069
36168
9140
59921
60680
51501
9566
60553
50567
32438
22288
61791
14464
34851
50582
55434
48937
19867
16248
22755
7663
21720
23805
26063
9251
50779
34941
52026
16044
51685
13083
29790
34857
27894
44820
36480
49769
28854
18004
36915
42416
144
4218
51152
63143
908
38127
63038
37549
16754
12425
13587
39551
10935
48205
55998
25561
60450
6007
20190
10350
49912
47854
35039
37608
2118
51594
46644
15751
57696
39004
30547
61054
13370
4071
17324
58544
33161
28614
50532
33694
4042
43532
10682
39569
12225
9629
24563
7161
30062
6987
45390
36686
6960
51094
40692
49736
61111
15079
31981
834
50027
4640
53182
54235
25815
8941
8274
9630
7422
6017
3374
34407
6472
54129
16897
41378
58461
8277
59016
40042
31958
16957
8531
22940
11052
42102
11391
25950
40778
6046
49694
50749
23187
3974
10767
26159
2580
50115
14114
32901
35538
42935
17436
30845
46850
22514
60757
54255
19029
56860
453
18462
3292
16010
47898
54667
43045
24739
55835
61944
44857
20598
835
27007
12287
59388
1729
40699
16928
52791
30049
13309
29352
61839
39277
13936
13770
8324
336
55779
43910
19047
19650
26516
48008
45228
49962
8790
29942
32680
41938
53399
4541
47600
19173
40600
9477
924
7427
4414
31881
11865
38270
32761
54256
51975
37972
33329
62772
6554
57512
44659
22819
38583
54192
54534
33632
23246
46099
51767
47874
50537
38245
20655
20419
61760
31326
7206
52814
15513
54019
2142
17822
10108
4158
37901
49394
12116
54402
15567
43787
50394
44009
44104
8990
10544
33495
24529
8062
55063
19248
33507
40897
23252
52875
27092
61973
53233
26892
8193
17457
45949
49678
60459
44668
23543
24253
9130
22618
38186
1880
51051
13314
57963
26375
15870
23332
50016
3531
61300
16041
19284
976
14559
48353
56231
2480
13661
62398
41375
49682
53340
535
1882
61610
36908
60575
50734
39164
10806
37578
16020
46195
31973
26427
38859
45201
37547
40481
32106
29836
34456
50328
8697
25725
914
2672
32514
15474
35055
14155
58811
12292
33344
3861
27500
59829
10661
6581
18482
24981
4629
6208
29476
14606
59540
33043
20361
23324
12265
19613
26699
15016
13961
159
22738
57091
44110
56866
9185
10699
18704
19091
40758
48970
21992
41236
42895
59575
48030
43198
10179
40407
33360
39972
41474
61068
53061
27486
300
62176
30473
24785
46289
61171
20258
1061
21693
31058
21002
57396
49903
2911
48118
2089
33392
53621
9059
47705
15022
34661
3783
16817
9824
18524
22867
20288
22052
58752
23381
44513
56085
14838
9993
21296
46170
56302
33394
39029
26867
49184
36087
35196
44331
5586
12525
31114
15100
8498
35449
21641
57467
24309
33083
35875
10289
60624
55102
9743
15262
35464
62270
2407
40068
50096
54027
34972
8305
13798
41692
3677
27783
8560
11219
62371
43366
41903
4551
54236
54385
20360
10048
46548
45261
24120
62825
15833
34816
13287
37887
44826
27067
26704
35490
755
61588
4861
32062
34401
55437
47930
62624
59399
52056
43440
192
51541
55111
37050
52681
19117
50200
33120
34465
45574
58636
28033
10677
62436
21883
43095
47975
38071
19355
58384
22335
21299
54968
43810
37889
55819
761
33090
58019
2332
54518
42398
24547
29271
29240
58768
9328
37973
59145
64
20208
35516
51830
222
21860
16006
27265
34686
40732
15766
58032
3834
11461
8616
28179
57886
34688
55507
55153
25288
42171
38652
59197
7177
39902
22009
60649
24604
26625
38910
51976
49252
43508
13740
14478
7729
40991
48492
28835
13181
57997
5579
46886
41163
55269
12159
17041
4353
17151
10346
10978
5354
59889
693
47917
56743
59367
8607
11297
22469
59421
18532
30085
47519
29135
26885
37929
29741
26837
60199
43318
44600
8622
53053
51989
31300
9312
21494
24340
17111
4810
16074
1680
53488
22889
17162
38834
1824
11205
58795
4959
54626
61697
49711
38367
44969
34742
23124
53899
9509
29273
43743
7134
51253
1992
56961
20339
80
9987
36854
55822
39848
26531
52031
29361
60146
18093
62097
6334
58352
56608
17366
13527
42172
9462
23790
47049
52513
22567
46546
48728
30580
45793
56946
60263
49980
2700
23853
40772
53163
17660
918
55206
7198
47089
20006
46677
43115
27997
52087
7261
61033
16863
47034
59645
38852
20040
4613
6172
8292
25800
24735
4728
11284
9333
41175
39323
49883
40352
25418
26485
25252
29005
39498
44250
9582
60010
51671
27907
23045
5012
7970
34237
39721
40329
8310
57647
54615
31611
16040
28246
56359
19010
22612
15653
33673
17694
11334
34721
36687
43477
43944
5460
6227
56891
55748
48635
42175
51332
57424
59678
9304
22622
11729
41316
2918
16972
8901
12277
9540
1352
50662
2516
32727
22910
36864
22884
39539
52089
44914
48491
55495
5375
35524
18464
14485
46745
29924
60104
47321
57067
59612
51112
31578
31167
62296
34568
22023
19737
63169
57671
38377
48663
54574
47565
62987
16982
46676
24646
33492
22181
33790
62040
28737
50669
31476
30848
19344
9184
58412
55471
19219
53766
28910
55543
36243
39288
18859
11781
9547
44229
24373
5774
20554
21778
49292
31837
32504
47598
26589
20100
18994
20564
12409
22795
56672
42786
38754
45409
61225
36448
40552
49009
47164
59634
41098
61781
33817
43482
29136
31930
23166
33621
29056
47297
38624
18240
3184
19693
37478
6303
25764
58645
29987
39686
42855
22900
41543
27792
24406
14853
10875
27195
60876
40439
42731
33590
54352
4464
27622
53502
20408
39461
30696
3221
25259
39211
18070
48526
25913
8932
58804
30442
50798
6595
46787
11509
51234
28556
8009
7561
60215
29780
53335
25071
10467
14319
47730
20136
9311
57484
54233
58100
59798
52582
38082
10601
52065
57146
58779
17781
49169
40966
9522
10099
30154
10592
42353
42886
27493
6198
1773
17929
36835
45963
3361
1426
62113
5518
16135
58466
1801
49502
30369
42330
2410
60517
58266
43716
11619
9260
22685
58551
56535
62393
22226
6456
25982
62200
11376
21194
16350
47924
18390
13816
21740
30326
62963
34511
16529
31604
58500
58532
45322
27980
36961
2227
49302
4817
36006
61243
58072
8302
56049
13251
11399
17800
34047
40938
16458
55565
8830
791
21704
47940
7412
50555
24776
32220
54947
35984
11554
4677
31915
38288
31933
42074
36739
20197
31786
24902
11139
59165
34734
22253
49859
43223
46407
5927
22051
18262
4908
4511
16975
2004
2172
43885
44246
9055
19586
16290
14376
43177
13533
35321
62180
6703
56432
62047
10081
58647
23562
457
46358
15024
31624
11553
37472
22273
60814
24430
26970
23230
20248
59527
6680
17811
53671
59693
53235
46699
17139
57355
40764
36594
52981
28359
39112
14556
38456
48976
61132
30363
40925
49530
40156
17727
20605
20279
55587
39582
6952
8073
12825
32024
35839
2254
31910
29594
11759
5301
11836
17862
58794
15462
6851
43322
27205
7839
18415
11257
276
15434
13501
3036
12737
53307
33004
46761
7013
31335
11117
8845
27953
16305
21018
53912
54397
58329
28223
17916
33030
15293
20443
33720
52621
17587
31032
3401
12526
46177
34738
8756
14855
36772
25216
18144
59257
62848
19958
63154
57340
12335
3163
40498
41056
26675
39971
801
52468
55271
30630
55295
3812
38338
62338
33672
58978
11750
39527
27882
43733
3929
57908
52753
56597
25801
58756
23508
46174
17899
17115
22843
44610
53511
3191
56561
50900
40077
37343
49528
60662
16331
45612
52460
5633
59545
42815
23215
48516
15149
11127
27733
49288
21995
22123
46524
56684
24095
36248
24920
5277
47953
31119
37291
37295
18717
15092
21563
47201
49354
61635
1906
2168
60437
12444
45753
5569
23138
18242
16521
19260
19459
27188
14539
21887
21787
2455
30339
5483
47650
36624
8977
50884
40650
16745
23512
31836
55482
34907
54780
45814
17393
30450
15631
58215
13092
21074
27605
43981
28031
53541
29479
5885
45786
18465
4519
13885
49118
54374
59597
3996
40318
7777
48917
46660
7876
35976
11358
34660
6548
45015
34631
3805
19073
40361
3528
7266
22984
28091
62786
42182
48303
38716
47912
49794
28543
31444
10968
43447
28244
3395
22574
13416
55904
47781
24098
44050
55018
18036
3493
30083
5175
7363
60737
50659
33836
33562
23476
60202
19513
18188
34558
41389
33928
5391
55317
43677
27790
32976
47586
46451
54015
49489
43552
53819
14218
26746
23105
44458
53045
49358
24559
36252
62049
43242
59366
38317
21291
19780
43755
20413
9434
41026
30549
18329
1341
57373
25534
54865
34498
35639
11803
25655
47157
53805
62273
38775
44185
24427
47295
37700
3957
33135
33830
62880
62458
40979
29458
5595
1450
41810
18172
35310
606
37178
32316
34569
56677
41379
42078
29559
44158
56530
56312
28451
34046
25658
52167
16237
28627
22683
34067
55857
1074
42228
41422
14873
16371
11310
2214
315
25711
54405
41448
29149
60698
6916
41061
48079
40378
48629
35241
5440
61600
19077
34235
55413
11913
34471
50617
51428
19701
15202
8767
23382
58262
49647
22786
61195
43865
43956
14361
16990
60451
8995
49156
33996
5508
43062
49948
44744
49152
49493
18522
44860
5818
34581
61747
34687
49143
1407
25075
60440
58508
37098
10077
55073
14805
38662
60573
42052
42588
31324
27512
31226
41738
13509
3972
9258
41051
18766
18225
52925
20532
29568
27945
13744
12537
59133
14534
11736
46349
27624
5807
56838
3030
38387
10455
42619
62304
18206
37236
61296
47809
5258
22345
49355
12826
2289
43220
20877
56522
30951
61406
52082
53584
53434
46832
41084
11909
25278
41482
25338
25984
30625
42032
14301
6031
52859
42463
13934
13889
12316
58234
10078
44007
51717
28480
32666
12323
55374
3226
15012
51609
22021
51634
40161
62307
60474
57009
35290
49715
27381
49277
47338
53112
41539
15015
3177
54311
28381
14143
44433
29527
25695
62041
14084
61612
19631
58421
30278
51739
62477
18561
62538
18965
11498
59171
24141
6143
56283
59731
18732
11734
5832
44497
52130
36886
34550
51214
61005
23265
1010
14446
41033
39717
9693
52399
23414
22696
59788
54636
56852
31737
42136
30423
41034
29450
58462
56476
52677
14841
35580
8821
31751
47862
46259
27085
30902
31983
11723
13296
49456
62237
17855
3819
61853
44518
50699
18661
52649
23043
31488
8809
8332
57764
40813
56274
48905
41428
5071
32204
12358
48186
43196
49347
59179
56698
55798
41291
57622
6738
30993
22709
26655
36947
17096
43263
30817
34489
61102
24380
24432
23648
59279
44783
19671
55985
13950
52152
35385
36869
5432
7373
17890
59187
60138
38848
53325
37152
14405
36980
11318
24704
325
51020
56512
4279
41586
42287
41065
40905
14008
30272
47423
60620
32609
26335
41749
428
41662
36806
16282
12566
35512
7916
46665
56573
14378
29732
35373
30972
18744
59696
63134
38727
23282
33773
24523
41080
45510
10713
5278
62652
17135
40835
20241
7751
55155
9136
54227
62405
24984
59949
34317
29364
38698
26651
19465
11041
54838
10808
22771
14370
53529
31698
53456
37453
46729
39392
57571
53360
55972
42326
50650
38366
28385
59103
25568
32916
34832
9156
23098
22724
56412
16773
20120
14729
22432
13380
26813
46244
9341
35946
32238
56138
6922
41144
43849
31676
40151
11182
23937
42451
36495
42100
34745
32930
24470
568
47024
26887
43107
43689
11019
52996
11230
31684
51818
13869
57707
37253
7888
31227
22673
60267
36732
18788
44733
61437
39036
62224
51764
62086
33591
53839
33225
53009
56937
12351
42304
43635
47072
16460
11426
9366
4978
5366
15221
29954
37328
29310
5099
54347
52666
28399
57462
57686
21381
62969
25542
4905
13817
59473
11666
59840
47906
59675
60107
1641
23293
35309
51111
47993
32408
29171
18555
61688
30367
8011
44359
61194
53968
5743
34312
6089
46561
38767
44437
6179
56705
60522
4287
30800
61204
45479
484
46744
3862
58652
51323
55050
44765
9062
25234
11615
37300
44054
36116
20787
8010
28139
38684
23046
39292
23656
33325
20277
35626
60566
40884
38861
55596
44960
704
21115
49617
35200
59445
14601
23197
28701
41675
1357
52129
16246
38806
40374
32988
47770
60836
26077
32753
56033
58748
21481
9583
6724
47312
35034
674
51108
15770
62636
57239
48698
30665
15375
8954
18061
56064
18992
41392
51947
33142
16085
43238
7346
11223
19131
12430
44010
31477
53747
11633
43988
34310
3090
62207
28484
5233
1916
16793
46694
42410
7968
12627
3778
52298
25727
52698
22134
35868
23932
8981
8078
21945
26705
40047
50615
2688
25631
43961
16293
16184
61485
54157
24474
61004
10957
30479
40034
8951
44484
22999
41099
10924
58764
14799
31039
23360
47795
13323
39137
12674
58601
43072
22626
24520
60473
24975
52223
31832
37638
5769
41436
7753
62223
40053
46760
31749
61565
10805
46765
59124
373
20822
4412
19250
40024
59977
33565
6185
20427
41636
27607
43976
50616
3256
32973
61064
13738
3621
53650
30914
51586
41959
31493
33705
56646
6005
11452
42999
36319
25569
36769
3380
41983
1374
41698
34623
31249
54344
13456
11699
35360
20729
13518
47003
2644
54008
33237
56339
37354
36279
16158
771
27887
2779
52345
11367
37334
53058
57663
18791
53211
59185
59529
41407
62288
37336
16243
52115
63162
3739
28599
35777
11277
9391
11088
27582
56693
5144
14986
56591
43324
31515
41943
23730
62712
53269
23922
6661
31347
59596
56658
35945
19300
30662
32378
46564
14710
2021
11688
19071
42337
27709
18122
34552
8189
30936
49470
54721
47880
59705
36326
22135
18973
21263
31086
61009
12153
61408
58485
3627
44887
33327
5803
30380
12408
23247
18837
48266
28973
6141
5021
20692
7081
62885
46343
40939
54022
46387
60576
14491
11388
8676
24711
496
11351
19599
15675
61661
11872
46285
8222
3171
48843
19119
28235
5213
7949
16786
60157
47460
8738
31060
16428
58406
51210
37241
31598
17322
8570
19045
51394
32001
25622
33530
41327
53709
31508
37736
5757
61863
31922
27180
42203
24407
27719
4050
52877
5597
33835
52650
50428
12649
18869
61792
14912
58076
63255
6757
46947
25753
55244
62573
20618
29311
50508
29688
31458
52154
44685
31951
39609
8451
33502
59100
12613
21077
47867
4881
9549
5462
49317
42070
22474
25570
45225
32167
6326
20878
37038
23610
44318
17404
6063
2599
53647
22895
16683
29173
40557
35293
38303
32057
13558
55669
26230
47416
50426
36416
11363
57750
62658
7142
47776
12595
38411
46102
12629
57840
17454
7633
11361
15924
51596
62803
48187
53606
21864
47654
47333
30441
45537
21827
63209
19377
50371
51101
56806
30433
60106
11962
4785
17887
60424
30226
19304
37519
38416
36338
17618
37419
43709
37208
39377
12705
25589
52025
41368
7960
19475
24424
20405
6740
9039
11281
63119
50444
19001
19564
2182
22191
37135
27441
31851
30824
61202
8815
32584
5428
34675
50399
3148
42329
40152
19510
42159
43064
13560
11207
22763
31454
47914
29488
39476
33890
49159
50812
49754
24734
63254
18297
6417
39490
11380
14513
26939
4422
24506
45946
22579
58534
56436
41359
44207
32623
48543
39943
11416
17745
35070
6583
11267
37279
16493
35279
32146
28983
18883
42227
9545
17157
54066
15163
44072
57376
30238
61224
31432
31732
28360
41200
50922
19431
45128
36792
54850
40937
11767
28681
3864
5610
40010
58901
8974
31618
13396
38750
22761
4805
32331
22871
60221
11504
42597
11042
14906
34333
189
48969
19108
30529
24125
13136
56326
20107
16122
41716
7552
49620
62604
24844
52317
58109
15246
9424
17350
39047
13576
56545
12656
6871
6090
14701
54917
11271
55341
11847
9924
33341
44382
35331
6148
32176
33570
8030
16882
14929
34719
10466
20665
22854
16275
54955
32232
57249
20809
14933
1408
37105
3755
48535
17031
42803
42818
15017
43359
34266
9604
3283
27729
32906
26630
32597
27106
33859
6424
59219
32808
40580
54284
62807
1617
55330
13707
17555
14949
44094
51142
8085
33998
58907
48650
62775
39146
35645
41966
19633
57112
30313
10584
55915
2102
1469
27653
11531
30881
23742
31546
12352
21899
55523
25148
18018
29952
13071
56013
8154
34613
31065
37827
13878
24236
16221
22499
42193
14690
15260
14163
36905
51191
56920
57553
58246
49644
31170
31187
12800
5242
24901
57481
39432
31789
38969
20967
26747
37265
25854
23828
43043
49369
40158
25603
14909
28072
46000
8591
33958
25471
50291
25551
58883
18748
62567
26834
62487
59536
20512
31752
43000
1384
15308
27572
15417
58438
41957
19046
19386
35846
7432
47344
51801
49467
22124
42169
59480
1924
30017
18310
24426
20094
25527
36861
37974
11829
25692
25577
62991
54956
19200
15211
13765
48791
45637
39507
40997
47264
36756
52792
42355
2002
57208
61557
2343
43266
31327
38204
44996
1705
11402
51496
8636
30437
55813
41771
13184
50432
11368
57578
10802
20455
15612
63179
53017
49429
37339
7040
6274
12715
14434
2586
19713
20214
45016
50608
49513
12386
12577
41446
51969
17108
36364
56713
23473
41100
29703
49072
34028
42098
31897
40190
9410
52800
16838
4713
36625
50984
8556
57347
12610
18843
42167
53813
5211
4684
54471
14356
50620
41725
13843
29765
49497
31619
57614
56114
6241
43922
15227
2285
52160
6201
54915
38408
10128
16526
43127
51060
32847
30296
37686
59975
20883
39479
9209
46769
15169
59851
26702
39148
45579
52678
32846
44937
53815
49117
15264
12432
49708
9330
15367
39032
3266
43884
43592
4840
60691
62740
49131
54921
48971
29667
54164
31096
34573
57567
22949
6441
23485
21005
33960
34746
12661
49366
45611
55026
27202
30467
6454
6570
22662
6947
14665
49161
27659
14957
36213
56596
10293
14399
31954
19667
16847
60275
10585
26876
30094
38865
58010
18133
61819
20289
40160
50368
14445
9332
60210
45636
22517
41508
17068
48402
41551
38941
24246
47958
47863
8896
43079
8470
15686
49797
12592
12973
9350
22693
52170
39824
5264
51657
33494
62937
25154
57070
35162
51786
3242
2701
29522
27134
61837
3887
23971
37385
50892
6627
33952
47909
31259
12752
20762
21006
16952
60361
26046
16476
24324
47538
3358
27805
37387
53538
34636
31505
19246
44394
43026
34232
22564
12721
38254
41604
10010
43735
41772
20856
504
27772
53020
37440
16558
39842
56986
38892
54805
3884
62125
15409
40008
42357
48881
3245
37010
47160
63194
40288
54688
28651
51924
5954
41151
3623
11806
51038
30217
35263
38747
24334
18157
36584
4550
32921
60323
22925
43948
36641
61720
46507
36399
29955
61422
14930
7724
36721
31660
13059
29318
20217
56037
47972
9941
54924
14511
35582
57058
40639
45073
52603
11695
29865
4293
63136
30246
58449
35897
42506
7669
47372
8450
62440
31452
11822
1839
26896
37441
29481
22521
13034
37967
40883
43325
48019
32738
19699
23441
21008
45788
53436
8002
51933
15193
59024
5877
36608
19388
15501
3155
62750
33240
47841
18815
61466
63229
51507
47013
12757
36783
58334
3500
33941
39677
6389
56306
28537
43042
31605
19482
57641
16337
58649
30992
17415
34537
61592
3307
7461
18756
37261
59132
49150
6869
3823
15855
3202
14702
24804
12376
30001
24225
56130
27491
50802
29868
20399
15517
32369
32607
21971
47890
22170
10760
57375
35535
26714
50840
20447
22180
28071
59993
30639
53285
53857
43647
1405
24369
27016
27445
37292
10705
23058
27756
60203
29001
22357
62432
9162
52050
59980
50651
46166
19578
24498
22723
55975
9521
45783
57343
38330
25914
21895
35003
21843
58407
13611
18083
20913
31462
41895
47017
19297
49468
14456
1761
32145
5910
51328
14407
21806
18404
13120
52954
60133
5229
7870
27580
17181
43021
10681
24479
10005
16335
51121
42478
60989
38066
32095
60622
54689
43164
35855
37205
52899
33162
35057
25673
5441
53159
19614
33478
33879
44577
13893
35391
52686
11132
47439
57939
51699
51857
32261
20498
16115
58125
26218
52987
44650
23358
29871
32068
42036
8149
18108
22773
53357
22258
21509
11453
22393
51326
59560
9414
39103
62492
62154
34229
18422
45497
18316
5744
50641
19503
29260
60579
30779
55681
11268
43343
49495
45669
8917
22380
15485
59170
38196
42578
26973
61238
19565
3896
48480
56797
56266
14764
21416
42878
6679
7063
12748
57888
24159
25954
42292
14283
57043
58469
34609
33014
18752
63247
40455
9338
61179
29439
25058
35269
23821
27554
48888
56618
54271
28964
11067
27873
17989
11420
13161
2903
26594
44604
3246
17612
44013
55045
40926
16766
61261
35987
22609
39923
50848
50262
54765
36092
42540
50945
11737
30115
45561
18072
19964
8468
47921
52950
20193
30738
45281
20332
28974
21774
33312
15441
31312
56382
23343
34021
3922
14435
49494
34390
16220
24591
46867
30457
14368
16154
17063
42516
62454
59081
47235
8980
18285
15667
23444
21565
43203
61420
59174
51166
1766
20742
53674
63085
10949
2147
26701
17549
4014
26304
33945
31140
38818
36606
5615
49824
16622
28233
34464
3551
50637
52023
27154
54490
36676
16192
49216
37056
12414
14425
43386
34976
52860
44682
25113
49327
15167
2988
34291
58742
3189
56667
28715
61918
29321
18820
14365
24448
34462
44885
14473
51892
34109
62222
40935
58685
20660
48712
31584
57858
40350
35014
59711
46151
28637
63248
29938
52175
37839
61537
35959
17191
14808
17850
38023
42566
56071
45069
15188
39940
18939
6893
56074
58108
49740
23207
16463
62600
22544
47603
9415
41443
37000
42572
53826
14574
44159
63048
15218
49765
6840
41293
31183
54694
4675
17479
2578
18832
25187
50993
11347
44263
39505
18644
39664
9417
19449
60642
59553
9698
42777
5467
14100
16175
40420
27893
56090
13874
32087
41622
365
9125
56601
3983
12956
55689
23784
27111
29722
62689
13951
24674
57491
32694
11162
25979
20330
8863
35636
26854
8123
23527
29408
61212
46474
28456
32646
37247
43375
49147
43046
39368
36344
43721
3210
56271
23909
40815
27077
43376
24335
23031
17596
31415
6332
54623
3711
19469
31905
42424
17256
46288
61884
26191
14928
20272
49641
53320
31568
4303
21126
35153
27175
16742
14217
95
56606
25269
28762
23070
37041
26947
60030
21966
60394
42998
57431
47209
28694
18916
31583
43036
37159
11389
59073
54826
36011
11565
49697
59098
31130
51226
19255
37410
44266
6479
50704
30554
16442
54348
44494
45646
19696
494
17997
13417
33645
29086
41083
39285
33013
42230
14001
40594
6156
33216
52721
48261
24668
28110
47497
58793
14908
58915
34706
6824
56665
10212
41140
26514
40567
51229
40730
57442
33735
23278
51175
33252
56360
38414
2094
42134
39344
14580
2014
56885
60414
19192
61235
39191
3881
41160
25770
52185
13119
24586
48967
26912
38604
9653
18695
25535
38929
15251
2141
54562
33342
49217
54643
61413
22845
25712
55019
16310
6687
14842
35557
61453
49432
22016
22094
19133
36060
10719
26006
30233
37838
22554
11344
16816
41141
41578
61919
21103
59647
30439
11321
38827
44564
46528
49367
37285
6069
19226
35589
13625
59217
8918
36850
51773
38688
61532
14998
20584
61737
38020
26717
40704
20664
36760
18743
19507
30629
31408
40975
46914
11605
13408
40921
44364
5991
45544
61365
30069
29852
23815
54421
47745
55156
11016
11422
20919
58632
3559
39326
11534
20569
25539
2041
40558
11904
20409
24050
56032
44125
37428
3197
18856
49875
46571
62367
57011
2738
60328
26962
6806
34209
14839
22378
50863
39533
32682
47407
54705
31188
50791
47974
27591
21043
12334
52133
46775
39128
23374
58942
55522
10942
12776
15255
20129
16456
46283
27681
56407
50010
30219
16774
52288
5457
8811
16288
20256
38062
54180
17649
13411
11249
19095
35251
49475
51161
58349
10091
62635
31571
37476
3469
39750
165
42804
8581
48331
44455
37372
39388
19307
55653
57188
9999
28347
19337
53742
41412
26313
25771
37338
11702
11406
28077
62773
28259
62050
57059
19632
34072
6134
31651
38719
17633
44216
24747
7268
58904
14414
21920
39411
31475
14329
10616
13828
10217
269
54399
36178
31748
14978
36675
55264
37882
34376
42069
57585
40148
54740
3299
33982
42141
19
3474
25521
61894
22032
18685
62302
13847
47515
43409
6222
41346
53219
48247
17864
56582
31370
57303
13577
17994
61031
26961
9668
10629
23003
56100
22110
24331
59685
15390
7159
25518
20382
44924
14359
38412
30464
52632
12354
18993
35412
11537
16835
24038
58173
25212
9669
37321
21770
10772
36712
54551
61621
50058
28203
51695
60135
55481
23905
24263
5792
14170
31970
48054
25892
44298
21185
56429
472
27857
50264
50655
11517
49826
36278
46196
28782
52930
23122
36592
46240
59059
38883
59111
13165
59090
35599
20713
57005
23995
6232
10893
22149
52651
9757
36757
41910
28619
6529
26213
18166
41672
30947
10486
22179
39605
22852
17726
12303
9933
33157
811
18707
14458
18005
9344
46693
48980
1945
45482
13057
31471
31623
32476
4039
59027
35513
30276
4839
42873
47190
14220
15005
44453
60770
49461
12436
6737
26732
59433
60968
44368
45954
23365
62978
9869
22756
14540
32841
43925
4796
949
48193
33192
62909
39877
29909
24333
29873
54186
51628
19772
40674
6474
61834
36067
41694
15004
20265
14097
36079
58476
13986
58857
24013
32359
28817
51953
31320
42214
35166
15569
32552
44568
43906
29386
56726
28758
62277
50824
42692
12061
2571
21755
17710
21836
56396
29681
464
55763
44755
39693
21059
24464
56338
11258
36577
12065
35397
40222
30413
31909
35101
39378
58775
43676
59971
56544
55319
53507
43109
9949
2471
29710
17158
3846
30475
15013
30825
14493
23092
57460
38893
27579
15723
25294
29111
3975
47550
11934
9012
31956
9618
57596
48245
58763
29437
55905
19570
9092
47315
40397
46529
6294
19098
14591
62215
35674
47938
19406
32964
14546
14072
53351
58213
34442
40224
30574
20462
61645
35407
30503
57458
46315
57716
43998
48228
42565
16481
52213
27926
26676
23757
28253
57566
38901
14344
60687
31441
130
25748
51455
59622
16261
12689
44798
47051
7447
41721
42926
7319
47868
21713
18930
15277
50336
26620
48194
35194
48947
3626
27061
41486
9336
32599
49503
14476
26526
52876
18105
43446
23496
9962
19043
53596
29399
12579
14990
21303
11165
14331
34363
57717
9347
11083
57217
5886
21852
35042
8301
25782
36512
19563
34518
37602
40128
28697
7690
12360
3871
46261
60136
25654
34599
50656
11474
22509
46254
1779
43001
30659
14826
51929
31299
39792
52341
16692
40503
25449
10574
40804
46
8567
13622
29052
39403
17975
40789
46988
31527
61614
5848
56709
17013
6488
40219
21797
41290
42920
54631
4500
53962
3362
52463
18295
54053
54467
20526
39439
59138
57086
5827
37649
6727
35332
3854
51487
20227
62554
55029
60463
19281
44942
34006
59728
32681
25475
62720
16869
13954
39095
18009
14483
38990
39780
28718
53986
50860
54859
34634
41257
1954
11704
14966
30730
53364
62932
33366
30978
43088
55790
35847
22265
19183
24752
18022
56791
55805
36378
18762
48300
25107
13263
60962
43492
17490
62056
55673
41678
14441
58974
511
48347
48702
52936
3162
172
13836
54932
33991
9896
8449
19762
6530
30565
48957
59633
20954
59079
61319
31218
57791
18543
19624
31232
27290
5453
31725
26585
39233
53705
61509
56939
30981
21907
37932
42915
54898
49463
2624
55864
8771
13561
54322
5011
40373
6966
56115
44862
41137
33465
35209
44395
331
18697
27046
18323
42308
59549
27557
12670
6076
10532
53863
33608
18647
13824
12309
13493
51022
47288
35888
30577
35556
33662
17718
30316
43011
23750
19724
12347
12440
49024
23889
8495
45147
57377
37467
9840
17919
8524
7454
57580
56514
16114
42611
29126
47539
27068
45842
40292
3272
48047
19493
47752
57060
44640
52616
22397
55961
25885
37106
32819
18271
10201
37391
4302
20902
13143
56107
47649
40527
30136
55042
6153
50324
51918
41438
43104
31292
41546
55632
46057
46503
11364
51635
57457
24816
50638
3995
23771
53252
5745
55527
54293
30591
40063
12157
24134
40632
54603
23559
20163
23135
16784
6918
7872
56207
48312
27172
25492
49823
7815
18590
2926
35600
27835
21013
47777
20243
1700
8730
10074
34049
46820
34272
38798
46258
22796
8194
25726
26563
9626
2051
31876
30446
1762
5255
16638
54846
23093
41323
44091
17236
28829
29580
41402
31450
3600
28621
594
56234
3192
33367
5846
36599
6866
20493
25065
54483
39590
47489
61609
30498
60635
4171
45154
19597
20654
3625
34062
9870
59907
39094
30570
17226
62249
909
13574
59131
54151
63228
24718
11479
14317
17699
24449
36170
16771
37533
40934
57757
3894
32588
33999
32379
51356
35926
6354
2263
35970
62190
13064
14937
51875
8371
24458
10999
56143
51327
40559
59621
47741
7580
41243
55888
25238
39838
13520
27190
19504
41572
57020
31602
9085
6282
19456
45723
52751
36041
18528
31400
42570
16263
63172
6237
29015
11579
22041
54566
41101
25195
5476
30514
9326
55719
27363
14346
47729
4053
44406
20925
13975
47328
21037
55296
31000
30060
39866
28372
29981
47683
37269
59618
18030
56095
32838
31696
11491
16697
41398
25595
50043
49704
14618
40914
23057
539
19025
44259
59112
49466
17982
32914
1915
14931
11104
8550
52911
37532
30066
23387
26710
13442
49196
9133
43924
31387
56745
32227
3265
55959
58424
62287
6634
20148
43067
19509
13739
28268
34069
53300
21119
19490
16542
337
48756
27423
46252
5403
47887
46172
36953
26179
16467
62261
60567
40584
25944
16233
58729
22642
21789
59195
43758
56565
61497
24579
41305
31356
14424
27121
6594
31955
54059
35336
37871
56634
42058
49635
35271
31693
18253
43121
10816
31976
19310
41821
48383
38895
12388
30319
56395
51712
2851
3642
14363
35335
3205
41397
30853
40845
51979
8618
52202
14777
44853
60548
25497
31401
27411
36873
43228
6657
14093
15604
52034
25260
49208
46987
41283
40560
13566
37103
31708
60672
35368
56425
16596
20988
24389
29452
10918
40381
54153
15674
33243
17640
38900
43351
16344
25280
41898
45933
53576
33683
44061
26674
39867
40367
34565
25114
39223
39526
25296
13772
59547
53319
44495
44397
31601
40985
31112
37171
59567
4140
1395
46341
12684
26394
44718
21073
25432
16376
43273
18270
30793
41656
33443
3878
62713
47398
5458
52963
43071
52587
996
30613
60764
34427
41612
30828
45847
10548
6390
56815
28714
35842
63212
59814
5169
52761
6092
17575
50957
42444
972
40174
16141
29921
48206
52236
47230
19458
43427
6646
31377
35233
27487
53917
55695
46419
11345
57345
59974
20368
33236
35965
17187
17531
5985
1986
18282
56719
9732
5294
30815
30347
39302
1656
23068
33221
30923
11849
19776
29366
58860
9543
25227
57991
29129
49937
57049
15344
59746
37004
12638
41147
17218
53446
57101
20534
27318
21076
14209
50942
21171
11274
38872
46383
40092
30500
35393
40908
35046
26473
61711
36813
54830
47982
59188
29164
32524
31437
52943
18954
34000
18118
56076
5677
25317
57472
45781
19263
60614
52882
32516
27703
44901
30204
39692
15240
14859
23482
16132
8345
17895
58688
46654
60775
34460
56784
14857
40046
37569
39125
40829
38050
3960
16137
56236
23254
4968
24925
56721
36029
49218
35523
48146
11170
45333
62998
15181
37133
58616
8023
21939
16612
30424
54276
3364
53522
23600
48263
24653
60285
59743
47583
22429
49458
4444
58796
14417
42115
59873
23117
57454
42307
45223
29464
5624
60074
46710
62062
51632
58106
26641
7939
19969
20285
52103
36679
25886
38803
46295
29643
57667
920
32038
16229
5561
33872
11981
46728
1513
20942
54841
52883
41752
9265
8334
19899
32373
5539
42978
19567
3051
38123
58835
30495
28941
41693
25685
19236
38219
7950
28721
5008
56803
57218
19384
22881
63063
18241
41563
42093
27865
33321
55986
12086
54395
40918
8908
18058
3903
11239
12109
18898
60536
9317
15683
18889
37357
15322
31729
8528
48363
59733
40834
6584
59716
56583
44045
18793
60100
29978
3352
18248
44385
54188
6603
44818
13763
59167
45897
45227
44168
25042
24103
9191
12071
57038
292
37947
23968
56167
34300
57753
41008
53000
57426
28993
54607
42341
41751
40570
53380
33235
41062
56589
57493
28195
7514
20949
63047
43667
17308
60128
17217
10979
56163
44903
56768
46889
46145
59988
51492
40585
467
60147
38331
36301
5141
62336
20985
24657
24007
1716
51158
53552
37221
33942
14252
8793
20448
22989
60134
49606
929
50660
29768
52547
62293
48593
63174
47091
5730
8266
5024
9536
55463
844
10863
59201
18452
55921
26591
61913
8605
48668
42145
22764
61137
33253
48890
24269
12019
40549
15562
11343
10938
31882
42796
52299
1413
29472
41377
39856
12671
61356
42473
27903
54568
31467
54913
15107
38255
57741
17168
59785
12667
41491
9017
6656
16317
26262
34083
4937
17505
6728
22643
40521
18110
62319
38653
18301
35371
35703
56334
15153
55599
5770
44356
24725
17844
31392
57912
4560
13538
60587
57565
55477
25965
46242
29229
60412
3482
33339
30675
53927
4853
23568
40971
53044
31504
53852
6547
47444
34575
58878
18069
30608
6369
36072
42419
44438
32611
57468
29012
14862
24146
35445
55331
37173
52374
53081
1787
60631
33302
25707
36811
54868
57316
13673
10156
48095
48902
31966
806
3331
53881
54419
22530
42165
33346
50805
14996
59954
5438
45384
8827
51747
36308
35141
51808
489
16828
36890
27791
37471
15527
20266
31344
43972
8057
47446
31757
16756
27628
48449
15139
47234
51454
16510
7008
35483
47611
62017
35097
10884
32402
40808
36639
14613
16912
62126
10008
30107
49480
20350
34449
3055
35741
60807
1506
2602
5260
61611
17383
4720
62508
36810
50541
11400
25804
62868
3909
5657
18750
42548
11739
54445
52804
56488
43457
5263
16643
9846
32657
33347
62465
48788
12589
14975
44598
45756
59718
57252
48599
15159
56415
59695
56006
59625
5248
6568
60593
41387
25694
54302
22115
41153
23001
14147
54091
20691
31410
14713
13341
12426
29291
14124
43967
20341
45441
44264
48987
51318
38440
6231
49518
25755
34399
7881
61642
11341
13278
43133
20181
33141
46194
16429
42244
56780
37765
39912
46791
16799
36037
7841
14320
51984
51407
47425
36064
51796
48647
30206
57336
44062
168
13332
6084
63253
51880
59777
8511
26193
43554
18135
31659
56979
36657
41535
34747
60070
3047
26722
13670
3126
11386
50251
25575
52366
33112
42577
12012
53609
4114
59261
11112
53548
20166
35964
54620
49304
1984
45599
14497
9664
41881
17418
48259
58290
51890
43957
47582
56187
4697
16060
30501
12480
24018
13853
6234
58590
59274
60150
8250
23006
24437
39645
38745
23101
7835
36870
15006
15145
57170
6453
26793
26684
32258
53854
48744
24070
38717
39449
8900
35951
25761
35456
14310
40519
37167
6
58592
56639
54088
7254
3066
32756
16238
3206
25620
47008
14305
10274
2193
23515
17496
36941
46065
39359
35623
18356
6256
40325
51689
4139
25586
45355
11464
3442
27437
32696
56675
43657
2206
61476
59857
23082
41746
27597
54658
37522
37941
14203
16671
47055
53662
35154
10809
24224
23039
20943
10909
39927
41315
13152
14092
27973
30281
36117
36650
7908
30742
5436
17428
52278
46650
54706
39075
58717
53952
45591
697
12605
26012
34347
22603
15229
23298
3050
53513
34092
27084
24472
44557
21321
30637
18104
38046
12731
41967
18433
52550
37537
35480
60163
12995
54573
56297
9048
52803
27128
17797
1832
28437
38593
2022
48340
47180
2611
6187
19745
24330
5731
44230
11886
52644
28469
38925
12307
4417
31755
46485
33822
23179
31461
59077
3674
46964
27475
35159
51429
27660
14300
42342
11279
59347
25190
32346
50965
41336
52098
55903
43319
25683
13202
63073
58810
10781
41879
45476
63127
48029
58902
14452
6762
32179
5562
44854
3770
5623
41757
54834
42799
29067
49752
61448
6477
49381
51800
55554
63090
30325
62758
27909
54912
31164
45580
18799
3022
55750
18818
12819
34760
29115
27675
28877
45905
49490
28382
53483
59277
14656
27694
34812
32822
6832
43184
45442
57694
11359
30497
7855
57600
17548
50436
60746
25489
51013
15956
27415
34082
52537
45924
62121
62935
13517
17470
22535